-0.1811
0.6192
0.6761
0.8486
0.5891
0.0165
0.4255
-0.8595
-0.5116
-0.8763
0.1964
0.3687
0.337
0.2808
0.269
-0.1828
-0.9535
0.3338
0.3328
-0.164
0.3305
-0.5893
-0.1368
0.2947
0.2251
-0.8539
-0.0084
0.1574
0.8218
-0.5057
0.4578
-0.6961
-0.8322
0.4431
0.9842
-0.371
-0.845
-0.2522
0.2603
0.0512
-0.909
-0.7397
0.9278
-0.8782
0.9635
0.0771
0.9936
0.1157
0.8751
-0.5598
-0.9528
-0.6926
0.9402
0.297
-0.6734
0.6563
0.2303
0.2103
0.0632
-0.7509
0.7186
0.6619
0.7895
0.8567
-0.438
-0.0321
-0.1346
-0.8945
0.8242
0.0543
-0.7373
0.5397
-0.9792
-0.6878
-0.9208
-0.0343
-0.3417
0.0372
-0.6515
-0.8986
-0.2202
0.062
-0.5605
0.0027
0.9948
0.6181
0.7742
0.949
0.9535
0.5315
0.3662
-0.7955
0.2746
0.7244
-0.3114
-0.0387
-0.0682
-0.0556
0.8247
0.4212
-0.7019
0.538
0.1089
0.555
0.0259
-0.2877
0.2265
-0.1022
0.9917
0.5373
0.0187
-0.1851
-0.0562
0.5807
0.8984
-0.5122
0.1023
-0.8639
0.1641
-0.2346
0.1769
0.5006
-0.5502
0.9335
-0.7126
0.9469
-0.1771
-0.2181
-0.8768
0.9621
0.1968
-0.419
-0.8633
0.8007
0.2468
-0.1302
0.1819
-0.6493
0.0717
0.5098
0.9011
0.3821
-0.617
-0.5165
-0.5849
-0.9948
-0.4229
0.2637
-0.4222
0.9636
-0.4209
-0.5172
0.0498
-0.0381
0.9187
-0.4164
-0.3458
0.4537
0.0661
0.3952
-0.6019
0.2795
-0.9236
-0.0788
-0.2898
-0.035
0.2581
-0.628
-0.9814
0.4008
-0.9091
0.436
-0.5697
-0.7887
-0.7864
-0.102
0.3177
0.0135
0.6337
-0.4939
-0.1396
-0.2171
0.0026
0.4654
-0.0395
0.9112
-0.0173
-0.667
-0.4568
0.1204
-0.9184
-0.5658
0.1967
0.0131
0.8789
-0.6212
0.2549
0.649
0.7058
0.5009
0.4392
-0.884
-0.0074
-0.1253
-0.9657
-0.0638
-0.7904
0.6876
0.2129
0.219
0.8867
-0.1094
-0.1396
-0.975
-0.6419
0.9935
-0.8072
0.8293
-0.3293
0.7889
0.9566
-0.5687
-0.5459
-0.8242
0.971
0.6346
0.9802
0.4136
0.6685
0.4241
0.6599
-0.8761
0.5582
0.1001
-0.1988
-0.7449
0.8664
0.5534
-0.8816
-0.5002
0.9719
-0.9745
0.3472
0.8523
-0.3817
0.904
-0.2958
-0.3458
0.5085
0.8223
-0.107
-0.4329
0.3963
0.5856
-0.1315
0.3772
0.5104
0.9653
0.4732
-0.9297
0.1239
-0.0173
0.8445
0.0894
-0.2076
-0.9237
-0.8975
0.8498
-0.8232
-0.7831
-0.8512
0.5632
0.4796
-0.5644
0.4805
-0.4707
0.4822
-0.3661
0.6099
-0.9476
0.2742
-0.0459
-0.1717
-0.7614
-0.4874
0.8765
-0.0633
-0.1885
-0.5196
-0.6618
-0.5387
-0.4301
0.8099
-0.606
0.4374
0.0495
0.9882
0.6617
0.6637
-0.9609
-0.0827
-0.6852
0.2737
0.0715
-0.7675
0.8413
0.7673
0.2098
-0.6892
0.8062
-0.418
0.4031
0.8202
-0.4553
-0.6922
0.8952
-0.1897
0.2222
0.6086
0.9692
0.1598
-0.4962
-0.7504
0.9365
-0.7488
-0.4232
-0.1227
-0.7081
-0.3399
0.9877
-0.0517
-0.3444
-0.9774
-0.1022
-0.3242
-0.6603
-0.8292
-0.255
0.8782
0.3411
0.1494
-0.6325
-0.2805
0.4255
0.5392
0.6059
0.0366
-0.4565
-0.4481
0.7941
0.8289
0.8096
-0.7532
-0.4968
0.9995
-0.813
0.9651
0.7495
-0.6777
0.6444
0.7396
0.5621
-0.7245
0.3954
0.085
0.4964
-0.1991
-0.3002
-0.8725
-0.6223
-0.2494
0.8524
-0.4531
-0.5872
0.1688
-0.9318
-0.1221
0.1595
0.7851
0.5984
-0.7594
-0.5781
-0.5677
-0.2901
-0.464
-0.5542
-0.0366
-0.1294
-0.0348
0.3059
-0.5715
-0.8937
-0.0242
0.2749
-0.9221
0.9516
-0.648
-0.0707
-0.693
-0.4193
0.581
-0.5642
-0.9857
0.5419
0.5413
-0.0089
-0.8273
-0.2605
0.4472
-0.7275
-0.7849
0.742
-0.4484
0.3918
-0.8277
-0.1808
-0.4664
0.7193
0.6698
0.5909
0.8664
-0.7851
-0.8679
0.049
-0.4453
0.551
-0.0918
0.628
-0.1243
0.7775
0.149
-0.9741
-0.841
-0.9714
-0.1702
0.244
0.2556
0.2418
-0.4924
-0.5272
-0.4168
0.0694
-0.1167
0.0428
-0.646
0.0244
-0.7087
0.0454
-0.0608
-0.6961
-0.6938
0.8077
-0.9519
0.0801
0.7169
0.205
0.7426
-0.8803
0.4784
-0.0853
0.3725
-0.5412
0.635
0.9383
0.0857
0.7485
-0.5593
0.5852
-0.3752
0.1401
-0.309
0.0066
-0.3538
-0.2247
0.1377
0.3594
-0.1075
0.2215
0.4977
0.8758
-0.0864
0.1853
-0.8141
-0.4231
0.1844
0.8765
-0.6994
-0.3293
0.9346
-0.3941
-0.5492
0.3731
-0.3414
-0.2645
-0.473
0.5927
0.8047
-0.3385
0.3295
0.3402
0.0794
-0.2778
0.9015
0.6871
-0.1151
-0.8141
0.4826
-0.9933
-0.6776
-0.4873
-0.893
-0.9
-0.0092
-0.1648
-0.0648
-0.1219
0.2391
0.0089
0.1315
-0.4053
0.9324
0.5413
-0.3775
-0.3757
0.045
0.587
0.9192
0.5807
0.7846
0.1051
-0.6776
0.0965
-0.2461
-0.1597
-0.2691
0.4587
0.7955
-0.651
-0.966
0.878
0.861
0.4464
0.4089
-0.7514
0.5047
-0.1003
-0.8191
-0.3976
-0.0882
-0.1902
-0.3203
-0.5863
0.9004
0.6315
-0.5794
-0.1665
-0.9094
0.1611
-0.8809
0.0507
-0.738
0.1455
0.9015
-0.1417
0.4004
-0.8324
0.3754
-0.9567
-0.8264
0.1926
0.7977
0.1867
-0.4439
0.8459
0.1714
0.0791
0.3226
-0.2374
-0.3001
0.1868
-0.0732
0.262
0.4104
-0.5449
-0.6132
-0.088
0.8842
0.0562
0.2188
0.1215
-0.8436
-0.7196
0.5567
-0.2656
0.7769
0.8641
0.9646
-0.3632
0.7976
-0.3028
0.7179
0.3212
-0.9929
0.5471
0.3046
-0.3355
-0.3468
-0.0535
0.1637
0.0089
-0.0783
0.9466
0.428
-0.4299
-0.8188
0.5383
-0.5098
0.3782
-0.4452
0.5341
0.2089
0.7914
0.2183
-0.8262
0.1138
-0.6592
0.2288
0.6943
0.3932
-0.0108
-0.9674
-0.3382
-0.2176
0.0039
0.2167
-0.4343
-0.8169
-0.0777
-0.8269
0.6875
0.1998
0.1697
-0.3174
0.8196
-0.839
-0.4499
-0.1079
0.6764
0.6953
0.1273
-0.9112
-0.285
-0.5471
-0.1754
-0.257
0.498
-0.1893
0.9131
-0.3531
-0.6565
0.9787
0.0329
0.561
-0.7594
-0.655
0.1005
-0.2119
0.485
0.2257
-0.5733
-0.8187
0.5682
-0.453
0.8103
0.6214
-0.426
0.3708
-0.6558
-0.2436
0.8685
-0.0752
-0.3039
-0.5796
0.7611
-0.9905
0.2245
-0.8212
-0.4075
0.4207
0.9951
-0.3123
-0.585
0.4424
0.2346
-0.6296
-0.9014
-0.1167
-0.8584
0.33
-0.2579
0.4347
0.5434
0.9404
-0.248
-0.7724
-0.6436
-0.2322
-0.7739
0.4623
0.1136
-0.1807
0.0165
0.3214
-0.9649
-0.9423
0.6731
0.3165
-0.5497
0.303
0.6755
-0.3497
0.4562
-0.4794
-0.6852
0.3212
0.3504
-0.7315
-0.4415
0.9163
0.7232
0.6892
-0.9306
-0.0693
-0.9634
0.9513
0.1662
-0.9726
0.0863
-0.9863
-0.6348
-0.6213
-0.3544
0.7582
-0.2739
-0.7494
-0.5703
0.2838
0.3053
-0.1117
0.2783
0.7373
-0.5032
-0.4949
-0.2548
-0.9023
-0.5339
-0.4492
-0.5546
-0.9524
-0.0447
-0.4545
-0.93
0.8876
-0.8909
-0.2785
0.3943
-0.4803
0.482
0.5946
0.9384
0.5107
-0.5359
-0.6424
0.7788
0.1128
0.9106
0.3078
0.6805
0.9093
-0.7765
-0.7333
-0.3656
-0.5459
-0.0461
0.2443
-0.3858
-0.1775
-0.6623
0.4797
-0.9314
-0.9013
0.9506
-0.8584
-0.6842
0.2167
0.6754
-0.2443
-0.3663
-0.5425
-0.8589
-0.7751
-0.1072
0.5981
-0.1898
-0.6941
0.6013
0.8076
-0.1363
-0.587
-0.4413
0.7471
-0.4135
-0.3159
0.6002
0.7093
0.9618
0.6772
-0.9169
0.6969
0.5813
0.8339
0.8445
-0.5087
0.0743
0.615
0.912
0.2726
0.3738
-0.689
-0.5365
0.7895
0.7001
0.4383
0.2476
0.2199
0.0511
0.7253
0.9045
-0.7903
-0.8931
-0.2898
0.73
-0.0975
0.5551
0.8046
-0.5579
0.5517
-0.5214
0.1127
0.5803
0.9841
0.3801
-0.7712
0.5067
-0.4774
0.6378
-0.3864
0.7274
-0.1509
0.195
0.529
0.1204
-0.3183
-0.5804
0.6808
-0.3457
0.12
0.7262
0.5311
-0.8062
0.334
0.351
-0.6516
0.1641
0.733
-0.0082
-0.7093
-0.8968
-0.6856
0.5473
0.0741
0.3543
-0.1409
0.0462
-0.2129
0.2956
-0.8966
0.9826
-0.7614
0.4891
-0.14
-0.5978
0.7191
-0.2223
-0.7526
-0.2089
-0.7527
0.7757
-0.8305
-0.4803
-0.6873
0.4372
-0.4377
-0.1905
0.0542
-0.6288
0.8678
-0.4148
0.3687
-0.1756
0.9654
-0.6521
0.8029
-0.6508
-0.5942
0.1201
-0.9564
-0.8773
-0.3981
0.8898
-0.3454
-0.5648
-0.0879
0.3307
0.7251
0.1402
-0.7078
-0.3438
-0.5676
0.7837
-0.5914
-0.596
-0.4647
-0.3475
0.8199
0.1814
0.2485
-0.624
0.884
-0.3714
-0.0011
-0.4179
0.7761
0.4204
-0.0117
0.4497
0.9523
-0.415
0.4404
0.5505
-0.9233
-0.1709
-0.6643
-0.2895
-0.2196
-0.1667
0.2184
0.3016
-0.9144
0.8672
-0.6692
0.9796
-0.5595
-0.0305
0.3691
-0.4281
-0.5602
0.7168
0.2194
0.2361
0.7936
-0.7136
-0.0382
-0.7116
0.2151
-0.456
0.1994
0.8796
-0.1504
0.9251
0.2565
0.5565
0.4701
-0.7599
-0.3008
-0.8381
0.2963
0.4353
0.0936
-0.4077
0.9224
0.5321
-0.8867
0.2805
0.7566
-0.5571
0.838
0.1491
0.3255
-0.1612
0.0896
-0.3224
0.7515
-0.4616
-0.2642
0.5893
0.4581
0.3087
0.7016
0.5205
0.7148
0.5894
0.9922
-0.5866
0.14
0.4209
0.2343
-0.0582
-0.757
0.4253
0.6864
0.0652
-0.8069
-0.2716
0.2637
-0.9854
-0.9342
0.5493
-0.0381
-0.5663
-0.3659
0.3457
0.564
-0.6221
-0.8547
-0.9625
0.1358
0.7899
-0.6002
0.1011
-0.2571
0.4308
-0.0638
0.7039
0.0029
0.0583
-0.6215
-0.341
0.2171
-0.4632
0.1634
-0.9927
-0.6567
-0.476
0.5127
0.3827
0.2425
-0.5161
0.2145
-0.9998
0.7005
-0.8009
-0.6682
0.4821
0.5553
0.3061
-0.1757
0.6518
-0.4386
-0.0788
0.8332
-0.5751
-0.9885
0.0119
0.3788
-0.1441
-0.1131
0.24
-0.696
0.0177
0.4811
-0.7154
0.1137
-0.4293
-0.9773
0.4562
0.5645
0.6722
-0.0903
0.1062
-0.3679
0.0801
-0.7142
-0.811
0.7239
-0.7665
-0.8055
-0.3731
-0.2519
-0.0667
-0.4728
0.5311
-0.8401
-0.6177
-0.65
0.562
-0.4189
-0.8092
0.8454
0.4435
0.3994
0.4456
0.4332
-0.2649
-0.3265
-0.6549
-0.3764
-0.8998
0.9513
-0.4725
0.1327
0.9201
-0.9426
-0.2186
0.0732
0.2638
-0.1748
0.8615
-0.7155
0.7088
-0.8411
-0.8568
0.1516
-0.2296
0.336
-0.9571
0.5585
0.2845
-0.9391
-0.6752
-0.1535
0.9629
-0.8415
0.2159
-0.07
-0.8932
0.1783
-0.5183
0.6469
-0.3463
0.2832
-0.577
-0.1816
-0.5513
-0.5445
0.2316
0.4434
0.6007
-0.4796
0.6484
-0.2488
0.1515
0.9912
0.8847
0.0623
-0.4627
-0.8683
0.5775
-0.3007
-0.8484
0.9601
0.8028
0.1915
-0.4649
0.6382
0.6699
-0.8102
0.2951
-0.2093
0.1632
-0.3354
-0.8045
-0.4199
-0.35
0.3892
0.3516
0.7132
-0.7385
0.8029
0.9516
-0.6676
0.9177
-0.6866
0.6082
-0.248
0.5933
0.9933
-0.8298
-0.2316
-0.6417
0.7905
-0.2146
-0.5262
0.8571
0.4203
-0.1968
-0.0877
-0.566
0.6412
0.3776
0.0789
0.8657
0.4774
0.0688
0.5025
0.0042
0.8833
0.5668
-0.232
-0.1371
0.4716
-0.4462
-0.2894
0.1682
-0.1802
-0.2425
-0.9853
0.5927
-0.366
0.989
0.5112
-0.8252
-0.1475
-0.8238
-0.6421
-0.6097
0.8007
-0.384
0.4119
0.398
-0.8922
-0.5667
0.3941
0.2131
-0.5432
-0.985
-0.2027
0.5552
0.9612
-0.3991
0.9253
-0.5862
-0.9239
-0.8192
0.8872
-0.7543
0.0181
0.079
-0.4682
-0.2201
0.2945
-0.6087
0.8426
0.8644
-0.8183
0.6803
0.6869
0.1926
-0.9053
0.0533
0.1426
-0.188
0.1084
-0.6254
-0.9425
0.4591
0.3953
-0.9272
-0.8909
-0.5333
-0.4449
0.9288
0.0415
-0.3415
-0.6901
-0.1251
0.7957
-0.5704
0.874
0.8052
0.1275
-0.984
0.219
-0.208
0.4017
-0.5136
-0.0738
-0.1322
0.1269
0.7363
0.7446
0.2756
0.7588
0.9617
0.2893
0.0871
0.9373
-0.787
-0.1656
0.0123
-0.6647
0.9174
-0.3105
0.7582
0.6002
-0.8072
0.5553
0.4218
-0.8204
-0.4347
-0.2603
0.4618
0.3686
-0.6985
-0.5068
-0.7805
0.492
-0.0669
0.2599
0.8164
-0.589
0.4247
0.8563
0.3863
0.0988
-0.0845
0.3367
-0.7817
0.0285
-0.7046
0.4095
0.4839
0.2574
-0.2903
-0.1066
0.1172
-0.6971
0.8745
0.1303
0.968
0.9095
-0.6726
0.7343
-0.4671
-0.8554
0.2345
0.8962
0.3069
-0.9326
-0.635
-0.8992
-0.5912
-0.4214
0.8914
-0.1102
0.6906
0.012
-0.7889
0.1644
0.0887
0.7783
0.3448
-0.6186
-0.1105
0.704
0.9573
0.6828
0.5001
-0.25
0.6963
-0.6265
-0.0181
-0.2687
-0.731
-0.0413
0.8886
0.895
0.5662
0.457
0.5715
0.3734
0.7639
-0.2282
-0.7426
0.6527
-0.6463
0.3071
-0.5714
-0.539
0.0218
0.0987
-0.5811
0.6941
-0.1094
0.0649
0.3577
0.0382
-0.8172
-0.3236
-0.2506
-0.9682
-0.2449
0.8381
0.8328
0.6296
0.9747
-0.2347
-0.1227
-0.4337
0.0269
0.0276
0.1035
0.4261
0.1514
0.8393
-0.418
0.1192
0.5144
0.9298
0.4689
0.5599
0.3288
0.2814
-0.328
-0.4872
0.0015
-0.6613
0.7462
-0.5481
-0.2295
0.8329
0.6623
0.8114
0.4404
0.8486
0.4184
-0.1125
-0.2733
0.021
-0.5587
-0.9144
-0.8813
0.8347
-0.3831
0.3232
-0.9283
-0.842
-0.1331
-0.9592
-0.3281
-0.2913
0.1655
0.9175
-0.7361
-0.4136
0.953
0.1584
-0.9475
-0.3371
-0.7548
0.0368
0.8095
0.4953
0.043
-0.5167
-0.2807
-0.4554
0.9373
0.6054
0.2938
0.9074
-0.8715
-0.9468
-0.6015
-0.7786
-0.873
-0.3698
-0.5104
0.0017
0.5013
0.3784
-0.1481
0.2212
-0.4963
0.022
-0.1417
-0.375
0.6942
-0.1781
0.0458
0.8736
-0.3721
-0.0682
-0.0157
0.1199
-0.5478
-0.0162
0.1926
-0.8671
0.2727
-0.0018
0.1997
0.6386
-0.3602
0.2295
0.8422
-0.6547
0.6125
0.6003
0.9593
0.3569
-0.8961
0.6144
0.659
-0.7405
0.6582
-0.8684
0.9613
-0.4732
0.2699
-0.4884
-0.0958
-0.5228
0.6803
0.8483
-0.102
0.334
0.5478
-0.3667
0.8809
-0.1037
-0.2172
0.4809
-0.2303
0.7932
0.5381
-0.2493
-0.4219
0.6197
0.528
-0.9103
-0.6867
0.874
0.8338
-0.8749
0.5545
0.8937
-0.3278
0.1823
-0.6666
-0.2025
-0.8506
0.653
-0.902
0.7541
-0.8019
-0.2409
0.1431
-0.6428
-0.3657
-0.4721
0.2224
-0.4767
-0.6158
-0.0165
0.9431
-0.0769
0.3613
0.9267
-0.9834
0.8431
-0.4204
0.199
0.4622
-0.4832
-0.0722
0.5802
-0.7643
0.2055
-0.6458
-0.1462
-0.4713
0.1408
-0.2253
0.0803
-0.8165
-0.9109
0.8465
-0.7187
-0.0537
-0.788
-0.168
0.4842
-0.16
-0.5561
0.2462
0.9367
0.4811
-0.1383
0.0918
-0.9107
-0.6982
-0.8647
-0.1469
-0.3748
-0.4104
-0.9707
0.7689
-0.1276
-0.067
-0.4461
-0.3537
-0.9019
-0.1588
0.6782
0.1633
0.5
0.4409
-0.5967
0.2992
0.3166
0.6633
0.5164
-0.0099
0.4641
0.5371
-0.1929
-0.7409
0.1275
-0.4485
-0.5371
0.317
0.2675
-0.836
0.7164
0.6013
0.9919
-0.7004
-0.2898
-0.0719
-0.1445
0.5871
0.8315
-0.3261
-0.7015
-0.7979
-0.9836
-0.7828
-0.0863
0.4055
0.5441
0.4545
0.7319
0.0847
-0.1528
-0.9118
0.0745
-0.6169
0.3848
0.7966
0.5956
-0.4126
0.6919
-0.9934
0.1412
-0.3155
-0.8412
0.1629
0.7484
0.8094
0.034
-0.8455
-0.868
0.0155
-0.5825
-0.241
0.8756
-0.1106
-0.7176
0.2162
-0.9494
0.8105
0.3
0.8823
-0.629
0.7849
0.4545
-0.5259
-0.7565
-0.0171
-0.0371
-0.6189
0.1683
0.6297
-0.8366
-0.2395
-0.0217
0.1955
-0.4223
0.7778
0.6467
-0.215
-0.9822
-0.5326
0.3992
0.1813
-0.0151
0.8298
-0.4522
-0.838
-0.9104
0.01
-0.2752
0.8792
0.5621
-0.3005
0.7313
-0.5756
0.3154
0.326
-0.7639
0.2487
-0.3191
0.6001
0.9126
0.2561
-0.3367
0.3948
0.7789
-0.731
0.5587
-0.456
0.4887
0.382
-0.3751
-0.5273
-0.3235
-0.8489
-0.3666
0.5723
0.8631
0.1803
0.528
-0.8106
-0.1313
0.9297
-0.3624
0.443
0.2549
-0.3267
0.1604
0.2247
0.2615
-0.8718
-0.3868
-0.3897
0.5659
0.34
0.5633
0.5402
-0.6513
0.9866
0.5655
0.4189
-0.7576
-0.0005
-0.5082
-0.5416
-0.9794
0.1185
-0.8962
0.9117
0.6796
0.4282
0.5608
0.2818
-0.7978
-0.5895
0.965
0.5099
0.9507
0.7047
0.5878
-0.1447
0.1329
-0.9347
0.7901
0.6174
0.2132
0.0048
-0.1771
0.7799
0.0182
-0.1997
-0.4697
-0.1066
0.6211
0.2536
0.4825
0.8257
-0.1971
-0.286
0.6638
0.414
0.4424
0.5387
-0.8801
0.8674
0.8702
-0.823
0.5298
-0.4826
0.5306
-0.3715
-0.6497
0.7163
0.7621
-0.8054
-0.4617
-0.2928
0.6311
-0.0624
0.6661
0.0969
0.8425
0.7646
-0.1054
0.7958
0.4334
-0.7147
-0.064
0.3759
0.3088
-0.7772
-0.194
0.9251
0.3319
-0.6568
0.6333
-0.8323
0.6176
-0.1383
-0.9956
-0.5925
-0.6405
0.8902
-0.8276
0.0031
0.4378
-0.6293
-0.0939
-0.3794
0.1625
0.3516
-0.2953
-0.4838
-0.9629
-0.3882
0.2158
0.5199
-0.5505
0.9814
-0.4904
0.5985
-0.8937
-0.3343
-0.7011
0.5398
0.1459
-0.1113
-0.5621
-0.9307
0.8396
-0.5648
-0.1953
-0.4935
-0.9835
-0.5344
0.6546
0.5075
-0.3841
0.9655
-0.5322
0.4712
0.9488
0.8674
0.9592
0.8027
-0.533
0.0006
0.4035
0.9295
-0.9095
0.3621
-0.8105
0.7851
-0.1629
0.7991
0.9678
0.9455
0.4544
-0.3638
-0.5867
0.1797
-0.2509
0.7694
0.4612
-0.578
0.9537
-0.5709
0.5381
-0.8334
0.7118
-0.1947
-0.8349
-0.958
0.5234
-0.1909
0.1048
0.9136
-0.6311
-0.6664
-0.9113
0.6946
0.108
-0.4708
0.0045
0.8196
0.0002
-0.5038
-0.4252
-0.4953
-0.657
-0.35
0.2313
0.7264
-0.8352
-0.7371
-0.6622
0.5139
-0.1861
-0.0927
-0.999
-0.7427
-0.0198
-0.2745
-0.9617
0.7131
-0.642
-0.6911
-0.0608
-0.6482
-0.9056
0.6113
0.0506
0.5148
-0.8319
0.7756
-0.9368
-0.6085
0.6828
0.5859
0.1923
-0.0532
-0.3154
0.891
-0.2255
-0.7652
-0.4175
-0.4193
0.1556
-0.8748
0.5135
0.6615
-0.3564
-0.8141
0.3725
-0.6843
-0.4472
-0.5883
0.6655
0.2233
-0.7911
-0.8789
0.4926
0.7319
0.9677
-0.2195
-0.5582