-0.577
-0.235
0.173
-0.246
0.898
-0.337
0.584
0.122
0.623
-0.025
-0.215
-0.657
-0.084
0.505
-0.01
-0.966
0.691
-0.006
-0.592
0.953
-0.428
0.646
0.523
0.26
0.321
-0.37
-0.789
0.522
-0.718
-0.899
0.012
0.458
-0.55
-0.02
-0.408
0.864
-0.883
-0.994
-0.969
0.748
0.201
-0.827
-0.792
0.98
-0.918
-0.754
0.194
-0.123
-0.244
0.037
0.797
0.861
0.978
0.062
-0.028
0.279
0.639
-0.691
0.192
-0.902
0.303
0.631
-0.63
-0.27
-0.012
0.858
-0.499
0.274
0.292
-0.01
0.124
-0.061
0.349
-0.325
0.226
0.359
0.346
-0.568
0.177
-0.203
-0.137
0.294
-0.565
-0.651
0.234
0.752
0.185
-0.835
-0.981
0.346
-0.509
0.175
-0.794
-0.575
-0.744
0.739
-0.011
-0.796
-0.456
-0.636
-0.168
-0.43
-0.24
-0.04
0.53
0.602
0.009
-0.696
0.846
0.394
0.166
0.059
-0.96
-0.651
0.975
0.17
0.694
-0.686
0.535
-0.315
0.514
-0.436
-0.151
-0.426
0.825
-0.461
0.385
-0.405
-0.458
0.729
0.514
0.854
-0.871
0.611
0.707
-0.327
0.193
0.085
0.593
-0.92
0.006
0.536
0.597
-0.713
0.029
0.465
0.093
-0.821
0.536
0.674
-0.694
0.764
0.699
0.379
0.073
-0.302
0.556
-0.19
0.668
0.531
0.327
-0.933
-0.424
0.471
0.641
-0.374
-0.623
0.659
-0.395
0.647
0.185
0.092
-0.244
0.8
0.057
-0.259
-0.835
0.45
0.185
-0.495
0.142
-0.728
-0.494
-0.486
-0.35
0.331
0.966
-0.09
-0.795
-0.389
0.788
-0.89
-0.095
0.009
0.822
0.171
0.701
-0.321
-0.565
0.275
-0.892
-0.098
0.676
-0.219
-0.289
0.933
0.354
-0.638
0.637
0.543
-0.114
0.839
-0.808
0.152
-0.19
-0.98
0.632
-0.975
0.814
-0.731
-0.487
-0.404
-0.943
0.672
-0.278
0.577
-0.847
0.589
0.557
0.623
0.08
-0.021
-0.371
-0.219
-0.404
-0.19
-0.898
0.13
-0.771
-0.677
0.472
0.862
0.203
0.104
0.125
0.444
-0.016
0.464
-0.636
0.766
-0.851
-0.94
0.024
0.555
0.963
0.158
-0.843
-0.645
0.531
0.429
-0.707
-0.003
-0.797
-0.941
0.572
0.306
-0.806
-0.09
-0.918
0.374
-0.958
0.416
-0.309
0.282
0.63
0.203
-0.044
0.794
0.711
-0.7
0.18
-0.042
0.831
0.256
-0.029
-0.999
-0.173
0.364
-0.214
-0.224
0.014
-0.777
-0.217
0.322
0.437
-0.868
-0.458
0.545
-0.611
-0.012
-0.376
0.151
0.482
0.537
0.921
-0.124
-0.31
-0.996
0.642
0.427
0.238
-0.907
-0.057
0.755
-0.799
-0.823
0.244
0.673
-0.61
-0.343
0.841
-0.692
0.408
-0.228
0.577
0.323
0.967
-0.192
-0.454
0.709
-0.071
-0.471
0.017
-0.071
-0.303
0.567
-0.92
0.358
0.039
0.01
-0.711
0.664
0.765
0.313
0.569
-0.435
0.547
-0.489
0.25
0.425
0.675
-0.602
-0.753
-0.088
-0.405
0.527
0.292
-0.194
-0.352
0.744
-0.543
-0.87
-0.128
0.656
-0.991
-0.759
-0.801
0.972
-0.422
0.151
0.541
-0.652
-0.237
-0.528
-0.581
-0.962
-0.845
-0.01
0.682
0.047
0.99
-0.505
0.266
-0.828
-0.354
-0.334
0.859
0.309
-0.503
-0.457
0.563
0.79
0.201
-0.175
-0.89
0.803
0.782
-0.966
0.863
-0.455
-0.509
0.565
0.502
-0.285
0.86
-0.608
0.484
-0.45
-0.708
-0.195
-0.424
0.559
-0.314
0.601
-0.344
-0.779
-0.782
0.403
0.006
0.726
0.882
0.085
-0.399
0.636
0.172
-0.522
0.849
0.913
0.632
-0.357
0.452
0.57
0.478
-0.613
0.118
-0.049
-0.887
0.766
0.851
0.85
-0.017
-0.798
-0.167
0.499
-0.759
-0.739
0.641
0.681
-0.727
-0.56
0.4
-0.319
-0.273
0.967
0.098
-0.025
-0.013
-0.367
0.409
-0.76
-0.441
0.829
0.817
0.417
0.696
0.303
-0.582
0.136
0.135
0.885
-0.403
-0.026
0.634
0.239
-0.672
0.502
-0.31
0.892
-0.018
-0.012
-0.044
-0.454
-0.719
0.44
0.791
-0.783
0.573
0.91
0.198
0.696
0.052
0.131
-0.388
0.479
-0.24
-0.236
-0.845
-0.294
-0.095
0.383
0.892
-0.483
0.685
0.416
0.086
-0.584
0.959
-0.339
0.307
-0.215
0.113
0.286
0.659
-0.046
-0.272
-0.348
0.377
0.974
0.943
-0.221
0.384
0.249
0.014
0.08
0.683
-0.158
0.606
0.771
-0.624
-0.83
-0.894
0.971
0.747
0.3
0.179
0.712
-0.163
-0.733
0.93
-0.787
0.52
0.712
0.266
-0.154
-0.491
-0.965
-0.614
0.531
0.224
-0.689
-0.208
0.191
-0.316
0.066
0.952
0.055
-0.927
-0.875
0.365
-0.768
0.15
0.092
0.561
-0.082
-0.644
0.125
-0.921
-0.106
0.977
0.919
0.418
-0.44
0.605
0.045
0.741
-0.831
-0.374
0.7
-0.078
0.679
0.863
-0.48
0.978
-0.993
-0.6
0.251
-0.221
-0.596
0.958
0.502
-0.717
0.675
0.369
0.629
-0.764
0.659
-0.929
-0.039
-0.718
-0.441
0.828
-0.176
0.853
0.726
-0.564
0.249
0.306
-0.285
-0.613
0.188
-0.715
0.892
-0.239
0.839
-0.92
-0.008
-0.64
0.378
-0.25
-0.258
0.279
0.302
0.97
0.379
-0.804
0.148
0.607
-0.551
0.638
0.499
-0.692
-0.152
-0.45
0.054
0.894
-0.876
0.017
0.07
0.032
-0.51
-0.729
-0.411
-0.954
0.334
-0.887
-0.844
-0.241
0.624
0.129
-0.27
0.775
0.119
-0.311
0.561
0.576
0.027
0.748
-0.621
0.542
-0.699
0.998
0.818
-0.18
-0.658
-0.575
-0.872
-0.494
-0.467
0.759
-0.829
0.132
-0.837
0.942
-0.091
0.927
-0.105
-0.145
0.867
0.248
-0.538
0.465
0.913
-0.062
0.884
0.298
0.382
0.259
0.984
0.163
0.767
0.341
-0.168
-0.464
-0.454
0.58
0.12
0.027
-0.166
-0.638
-0.855
-0.26
-0.828
-0.797
0.407
-0.048
-0.826
-0.859
0.436
0.718
0.961
-0.59
-0.268
-0.845
0.703
0.799
0.997
0.857
0.717
0.641
0.095
-0.741
0.284
0.995
-0.43
-0.01
0.994
-0.169
0.1
0.743
-0.532
0.053
-0.077
-0.748
-0.834
-0.746
-0.211
-0.376
-0.292
0.597
0.439
-0.05
-0.497
0.095
0.912
0.934
0.708
-0.4
-0.79
-0.447
0.538
-0.048
-0.973
-0.585
0.241
0.726
0.265
0.124
0.406
0.142
-0.96
0.353
0.934
-0.601
-0.018
-0.786
-0.476
0.537
-0.24
0.83
-0.142
-0.6
0.918
-0.471
-0.269
0.445
-0.019
-0.176
-0.438
0.957
-0.175
-0.556
0.879
-0.902
-0.213
0.071
-0.816
0.791
0.494
0.339
0.71
0.27
-0.57
0.718
0.299
0.72
0.118
-0.099
-0.943
0.537
-0.236
0.53
0.096
0.831
-0.99
0.189
0.344
0.171
0.402
0.798
0.921
0.312
0.611
0.021
-0.075
0.745
-0.894
-0.259
-0.144
0.741
0.521
-0.82
0.684
-0.713
0.348
0.949
0.933
-0.123
-0.253
-0.544
0.242
-0.581
-0.449
-0.963
0.703
0.511
0.772
-0.761
-0.925
-0.107
0.603
-0.394
-0.762
-0.255
-0.839
-0.142
-0.469
-0.268
0.113
-0.269
-0.828
0.647
-0.405
-0.258
-0.656
0.24
0.359
0.914
-0.38
0.359
0.253
0.937
0.385
-0.309
0.549
0.315
-0.004
-0.193
0.058
-0.361
-0.533
0.096
0.07
0.068
0.8
-0.221
-0.242
0.866
-0.728
-0.018
-0.669
0.808
0.908
0.872
0.902
0.157
-0.31
0.049
-0.101
-0.639
0.242
-0.758
-0.871
-0.288
-0.357
0.582
0.638
-0.396
0.881
-0.223
0.6
0.384
-0.75
-0.227
-0.12
-0.047
-0.506
-0.009
-0.736
-0.13
-0.55
0.502
-0.422
0.777
-0.826
-0.195
0.748
0.142
0.55
-0.163
-0.002
0.256
0.167
0.664
0.832
0.122
0.687
0.094
0.153
0.428
-0.217
-0.89
-0.667
0.707
-0.653
-0.941
0.011
-0.097
0.272
-0.861
0.793
0.984
0.971
0.916
0.428
-0.375
0.245
0.897
0.814
0.33
-0.683
-0.629
-0.384
-0.788
-0.251
-0.554
0.545
0.86
0.056
0.971
-0.958
-0.775
0.922
0.234
0.847
0.951
-0.415
0.988
-0.43
-0.236
0.279
0.932
-0.878
0.035
-0.621
0.328
0.042
-0.756
-0.868
0.47
-0.113
0.62
-0.74
0.392
-0.425
-0.86
-0.273
0.916
0.38
-0.929
-0.718
-0.375
-0.237
0.21
0.098
0.227
-0.997
-0.422
-0.972
-0.409
0.606
-0.468
-0.395
-0.061
0.415
-0.369
-0.215
-0.527
0.114
-0.714
-0.256
0.225
0.02
0.212
0.611
0.37
0.686
-0.411
0.444
0.578
-0.708
-0.923
-0.685
-0.463
0.972
0.112
-0.344
0.769
0.917
-0.531
0.436
0.861
0.214
0.163
0.724
0.718
-0.033
-0.427
-0.754
0.008
0.899
-0.037
0.975
0.055
0.098
0.589
-0.522
0.528
0.173
-0.18
-0.808
-0.134
0.967
0.052
-0.529
0.943
-0.46
0.982
-0.179
-0.769
0.506
0.708
-0.002
-0.944
-0.218
0.124
0.494
0.15
-0.058
0.119
0.986
-0.263
-0.354
0.97
0.367
0.011
-0.087
0.57
-0.695
0.765
0.645
0.684
-0.962
-0.056
-0.211
0.144
0.517
0.448
-0.709
0.645
0.86
0.248
0.305
0.188
-0.652
-0.157
-0.178
-0.753
-0.251
0.519
-0.263
0.077
0.131
-0.287
0.515
0.379
0.248
-0.65
-0.72
-0.024
-0.802
-0.542
0.278
-0.272
0.019
-0.219
0.242
-0.293
0.552
0.597
-0.831
0.916
0.391
-0.616
-0.051
-0.405
0.583
-0.957
0.619
-0.128
-0.117
0.096
0.929
-0.225
-0.719
-0.592
-0.392
-0.255
-0.414
0.303
0.436
0.807
-0.169
0.462
-0.898
0.873
0.688
0.454
-0.157
-0.074
-0.332
0.64
-0.302
0.212
-0.556
-0.781
0.989
0.666
0.664
-0.278
0.798
0.352
-0.058
-0.828
0.535
0.421
0.942
-0.603
0.287
-0.425
-0.416
-0.701
0.82
0.566
0.635
0.725
-0.18
-0.84
0.258
0.946
0.042
0.334
-0.353
-0.028
0.635
-0.022
0.604
-0.161
-0.106
-0.714
0.175
-0.672
0.544
0.856
0.804
-0.217
0.659
0.93
0.869
-0.477
0.416
-0.914
-0.082
-0.412
-0.536
-0.724
0.992
0.39
0.127
-0.302
0.399
-0.253
-0.956
0.817
0.303
-0.823
-0.546
0.463
0.274
0.541
-0.671
-0.397
-0.143
0.268
0.801
0.055
0.871
-0.205
-0.433
-0.426
0.535
-0.208
-0.873
-0.639
0.355
-0.912
-0.481
-0.283
-0.427
0.118
-0.193
0.732
0.501
0.078
0.544
0.44
0.558
0.802
0.994
0.377
0.814
0.73
0.322
0.524
-0.339
-0.817
-0.66
0.862
0.019
0.719
0.102
0.73
0.715
0.676
0.963
0.26
0.617
0.754
-0.388
-0.58
0.417
-0.748
-0.254
-0.444
0.035
-0.098
0.128
-0.776
0.389
-0.776
-0.772
0.982
0.547
0.916
-0.359
-0.815
-0.741
0.857
0.455
-0.298
-0.096
0.571
0.452
0.47
-0.352
0.121
0.661
-0.144
0.362
-0.553
0.136
-0.347
0.803
0.05
-0.223
-0.633
0.371
0.734
-0.459
0.97
-0.425
-0.867
-0.821
-0.949
0.306
-0.059
-0.282
0.657
0.554
0.607
-0.682
-0.508
-0.179
0.823
-0.305
-0.97
0.205
-0.224
-0.769
0.986
-0.823
0.94
0.032
0.529
0.199
-0.275
-0.044
-0.397
0.443
-0.698
0.081
0.314
0.245
-0.066
0.935
0.168
-0.317
0.073
-0.891
0.603
-0.585
0.634
-0.694
0.549
0.436
-0.711
0.561
-0.936
-0.512
0.128
-0.874
0.49
-0.455
-0.527
-0.319
0.15
-0.205
-0.736
0.773
-0.923
-0.603
0.508
0.192
0.215
0.17
0.196
0.555
0.114
-0.562
0.694
0.237
-0.339
0.106
-0.742
0.849
0.366
0.8
-0.599
0.957
0.095
-0.27
-0.75
-0.281
0.176
-0.883
-0.261
0.244
-0.873
-0.962
-0.58
-0.168
-0.072
0.748
0.168
-0.863
-0.499
0.131
0.656
0.589
-0.883
-0.142
-0.669
0.535
0.64
0.146
-0.48
0.558
0.307
0.813
0.18
-0.346
-0.148
-0.192
0.978
-0.35
0.272
0.896
-0.726
-0.272
-0.823
-0.195
0.788
-0.231
0.797
0.62
-0.082
-0.028
-0.175
0.434
-0.176
0.081
0.086
0.717
0.565
0.723
-0.585
0.284
-0.027
0.412
-0.431
-0.842
-0.097
0.522
-0.958
0.261
0.818
0.598
0.352
0.183
-0.658
0.459
-0.963
0.026
-0.472
-0.562
0.251
0.288
0.351
0.912
-0.784
0.43
0.019
-0.102
-0.476
0.044
0.801
0.386
-0.304
0.092
-0.071
-0.797
-0.543
-0.949
0.984
0.281
0.377
-0.128
0.765
-0.444
0.451
0.834
-0.065
-0.594
-0.731
-0.1
0.473
0.31
-0.337
0.626
0.302
0.113
-0.874
-0.761
0.366
-0.795
-0.137
-0.588
0.433
0.06
-0.388
-0.527
-0.37
0.511
0.811
0.569
-0.191
0.481
0.038
0.243
0.102
-0.928
0.97
-0.93
-0.177
0.99
0.598
0.099
0.306
-0.937
-0.622
-0.552
-0.692
-0.998
-0.95
0.34
0.361
0.968
0.517
-0.047
0.954
0.954
0.357
0.965
-0.721
-0.162
0.997
0.643
0.617
-0.042
0.092
-0.349
-0.887
-0.418
0.547
-0.378
0.481
-0.243
0.747
0.276
0.595
0.291
-0.409
-0.523
0.938
0.648
0.681
0.217
0.279
0.097
-0.858
0.428
0.089
0.902
-0.095
-0.36
-0.972
-0.992
0.763
-0.445
0.259
0.156
-0.452
-0.944
-0.279
-0.506
-0.407
-0.318
-0.005
0.734
0.367
-0.423
-0.356
0.342
0.331
-0.196
0.455
0.348
-0.311
-0.025
0.289
-0.881
0.328
0.644
0.639
-0.362
0.066
0.86
-0.912
-0.127
-0.391
-0.471
-0.804
-0.433
0.422
0.007
0.179
0.456
0.647
0.863
0.47
-0.06
-0.168
0.495
0.207
-0.395
-0.573
0.256
-0.47
-0.698
0.398
0.446
0.047
0.834
0.903
0.589
-0.816
0.926
0.303
0.436
-0.47
0.38
-0.038
0.66
0.006
-0.896
0.868
-0.122
0.588
-0.406
-0.96
-0.488
-0.018
0.617
-0.515
-0.453
-0.058
-0.132
-0.414
0.624
-0.317
0.593
-0.549
0.126
0.967
-0.007
0.791
-0.891
-0.656
0.06
0.71
-0.44
0.374
0.084
-0.443
0.016
-0.969
0.821
0.273
0.779
0.57
-0.082
0.097
0.758
0.984
0.181
-0.1
0.083
-0.061
0.782
0.265
-0.907
-0.508
0.687
-0.84
-0.457
0.091
-0.137
-0.179
0.238
0.567
0.539
0.325
-0.21
0.756
-0.109
0.653
-0.875
0.655
-0.477
0.752
0.763
-0.211
-0.969
-0.645
0.115
-0.3
-0.149
0.335
0.628
-0.797
-0.676
0.724
0.333
-0.247
-0.963
-0.56
0.161
0.783
0.1
-0.103
0.486
0.144
0.252
0.573
0.863
-0.096
0.825
0.033
-0.464
0.903
0.848
0.258
-0.915
-0.802
0.216
-0.422
-0.479
-0.565
0.312
-0.376
0.477
0.803
0.6
0.601
-0.272
-0.224
-0.671
0.464
-0.825
0.8
-0.208
-0.213
0.488
0.365
-0.974
-0.539
0.884
-0.264
0.211
0.247
0.792
0.504
0.001
0.888
0.387
0.536
0.974
-0.577
0.944
-0.909
-0.831
0.837
-0.145
-0.11
-0.619
-0.921
-0.246
0.376
0.257
-0.591
-0.321
0.801
-0.181
0.252
0.732
-0.631
-0.661
0.117
0.821
0.387
0.256
0.236
0.54
-0.365
0.469
0.379
0.484
0.033
-0.315
-0.734
-0.171
0.244
0.921
0.013
0.863
-0.635
-0.451
-0.963
0.345
-0.601
-0.846
0.344
0.038
-0.44
-0.525
-0.843
-0.629
0.5
0.259
0.132
-0.431
-0.162
-0.418
-0.565
0.548
0.234
-0.359
-0.475
0.702
-0.69
-0.768
-0.433
0.656
-0.525
-0.984
-0.991
-0.702
-0.879
-0.704
-0.928
-0.091
-0.301
-0.125
-0.465
0.187
-0.133
0.36
-0.913
0.091
0.052
0.653
0.934
-0.099
-0.235
-0.303
0.247
-0.073
0.095
0.021
0.097
-0.854
0.41
-0.397
-0.836
0.711
0.962
-0.163
-0.947
-0.935
-0.592
0.029
0.569
0.823
-0.384
-0.995
-0.282
-0.131
0.228
0.96
0.461
0.449
0.434
-0.489
0.443
0.869
-0.274
-0.108
-0.191
-0.813
-0.951
0.337
0.02
0.366
0.096
-0.308
0.014
0.333
-0.155
-0.888
0.597
-0.586
-0.65
0.421
-0.863
-0.118
0.473
-0.058
-0.431
0.699
-0.054
0.105
-0.091
0.519
0.591
-0.08
0.07
0.479
-0.527
0.815
0.694
-0.513
-0.183
-0.245
0.303
0.811
0.941
-0.86
0.753
0.578
0.251
0.207
0.956
-0.794
-0.44
-0.006
0.649
-0.472
-0.831
-0.849
0.609
-0.479
-1
0.9
0.025
-0.699
0.322
0.148
-0.256
0.989
-0.371
-0.019
-0.871
-0.858
-0.45
0.116
0.128
-0.189
-0.673
0.241
0.685
-0.173
0.39
-0.614
0.866
-0.94
0.144
0.619
0.72
-0.32
-0.97
0.339
0.238
-0.948
0.968
-0.725
0.073
0.201
-0.795
0.875
0.002
-0.416
-0.943
0.817
-0.714
-0.983
-0.963
-0.248
-0.758
0.977
-0.768
-0.029
0.278
0.038
0.17
0.053
-0.063
0.833
-0.947
-0.004
0.571
0.604
-0.468
0.667
-0.452
0.236
-0.478
0.869
-0.337
-0.973
-0.882
-0.978
0.401
-0.784
-0.269
-0.997
-0.406
-0.216
0.035
0.483
0.934
-0.149
-0.164
-0.34
0.705
0.338
-0.793
0.912
-0.706
0.274
0.721
-0.644
0.998
0.95
0.625
0.119
0.63
0.207
-0.977
0.536
0.89
0.288
0.738
0.39
-0.81
0.429
0.733
0.046
-0.046
0.78
0.208
-0.32
0.939
0.907
-0.244
0.141
-0.42
0.417
0.06
-0.45
-0.924
-0.633
-0.723
-0.6
-0.145
-0.398
-0.552
0.9
-0.21
-0.368
-0.928
-0.964
0.147
-0.205
0.717
0.635
-0.697
0.923
0.324
0.634
0.282
0.691
0.685
-0.89
-0.883
-0.802
0.648
0.63
0.178
0.8
-0.062
-0.414
0.186
-0.308
-0.125
0.221
0.405
0.751
0.822
0.081
-0.958
-0.128
0.066
-0.685
0.958
0.785
0.698
-0.3
-0.688
-0.319
-0.963
0.082
0.605
-0.26
0.216
-0.522
-0.128
-0.892
0.502
-0.27
-0.154
-0.701
-0.494
-0.341
0.031
0.439
0.075
-0.86
-0.838
-0.811
-0.167
-0.805
0.609
-0.242
0.65
-0.749
-0.945
0.358
0.656
0.746
0.923
0.024
-0.066
-0.299
-0.701
-0.569
-0.468
-0.775
0.581
0.865
0.383
0.601
0.219
0.718
0.168
0.061
0.101
0.45
-0.305
-0.495
0.872
0.17
0.404
0.81
0.739
0.049
0.207
-0.826
-0.913
-0.128
0.275
0.73
-0.769
-0.222
-0.575
0.507
-0.196
0.868
-0.19
0.979
-0.174
0.173
0.868
-0.12
0.143
0.076
0.978
0.615
-0.633
-0.708
-0.517
-0.49
0.011
-0.136
0.335
-0.771
-0.979
-0.929
0.848
0.25
-1
-0.352
0.212
-0.888
-0.862
-0.261
-0.894
-0.282
0.765
0.943
-0.029
-0.656
-0.11
-0.637
-0.877
-0.131
-0.204
-0.819
-0.396
-0.228
0.789
-0.074
0.207
-0.163
0.726
0.863
0.182
0.156
-0.593
-0.607
-0.259
-0.345
-0.651
-0.345
0.697
-0.366
0.326
0.164
-0.2
0.254
-0.176
-0.654
-0.044
0.098
0.357
-0.345
0.154
-0.558
-0.891
0.174
-0.448
-0.788
-0.629
0.387
0.266
0.307
-0.091
0.871
-0.663
0.284
0.855
-0.708
0.278
0.667
-0.367
0.543
0.956
0.508
0.298
0.95
0.999
-0.257
0.346
-0.942
0.967
-0.262
0.395
0.806
-0.196
-0.521
0.344
0.028
-0.269
-0.96
-0.956
0.725
0.307
-0.127
-0.626
0.487
-0.229
0.825
0.843
0.427
0.125
-0.39
-0.44
0.381
-0.363
-0.059
0.392
-0.394
-0.605
-0.367
-0.029
-0.571
0.55
-0.463
-0.178
-0.531
-0.43
-0.522
-0.731
0.807
0.475
-0.926
0.423
-0.286
-0.146
-0.919
0.302
-0.05
0.06
0.279
-0.118
-0.046
0.192
0.39
-0.474
0.027
-0.884
0.271
-0.634
-0.238
-0.067
-0.449
0.749
-0.345
-0.722
0.696
-0.034
-0.504
-0.362
0.799
0.927
-0.327
-0.336
0.914
-0.374
-0.631
0.325
0.379
-0.899
0.276
0.121
-0.045
-0.928
-0.574
0.641
0.109
-0.016
-0.622
-0.64
-0.571
0.806
0.27
0.975
-0.998
0.304
0.018
0.018
1
0.808
0.171
-0.536
0.393
0.407
-0.041
0.917
-0.313
-0.737
-0.915
0.02
0.227
-0.907
-0.543
0.735
0.026
-0.374
-0.205
0.301
0.531
0.527
0.241
-0.529
0.055
0.333
-0.505
0.019
-0.909
0.361
-0.806
-0.941
0.913
-0.885
-0.472
0.156
-0.662
-0.829
-0.127
-0.091
-0.926
0.329
-0.588
0.917
0.255
-0.42
-0.88
0.347
-0.93
-0.587
0.195
-0.309
-0.032
0.714
-0.334
0.737
0.751
-0.938
0.628
-0.823
-0.527
0.411
0.359
0.631
-0.678
0.241
0.579
0.362
0.581
0.721
0.873
0.762
0.522
0.538
-0.299
-0.791
0.789
-0.289
0.071
-0.728
-0.885
-0.337
0.788
0.023
-0.105
0.652
0.906
0.622
-0.835
0.979
-0.327
-0.489
-0.341
-0.956
-0.897
-0.216
-0.163
-0.757
-0.72
-0.76
0.705
-0.294
-0.212
0.936
0.199
0.556
-0.365
0.078
-0.06
-0.301
-0.841
-0.262
0.51
-0.303
0.961
0.307
0.71
-0.574
0.884
0.083
0.151
0.476
0.227
0.153
-0.426
-0.005
0.311
-0.48
-0.187
0.064
-0.985
-0.567
-0.822
0.06
0.11
0.08
0.377
-0.338
-0.087
-0.998
-0.182
0.869
0.492
-0.447
-0.37
-0.862
-0.079
0.119
0.958
0.328
0.323
-0.717
-0.519
-0.11
0.757
0.515
0.457
0.754
0.816
-0.499
-0.07
-0.351
-0.798
-0.574
-0.239
0.299
-0.619
0.671
0.705
-0.575
0.562
-0.264
0.345
0.026
-0.165
0.899
0.506
0.396
-0.362
-0.465
-0.859
-0.673
0.144
-0.709
-0.049
0.063
-0.624
-0.126
0.085
0.697
0.431
-0.361
-0.458
0.843
-0.526
-0.779
-0.964
-0.445
-0.281
0.818
-0.976
-0.294
0.338
0.863
0.991
0.821
0.478
0.083
0.869
0.433
-0.151
-0.817
-0.551
-0.411
0.213
-0.266
0.315
0.845
0.308
0.61
-0.834
-0.101
0.401
0.998
0.993
-0.725
0.682
-0.285
0.351
0.562
-0.293
0.356
-0.981
-0.475
0.894
0.472
0.263
-0.077
0.389
0.41
-0.302
0.722
0.427
0.372
0.234
-0.284
-0.867
0.521
0.712
0.489
-0.012
-0.449
0.877
0.411
0.053
-0.517
0.688
-0.367
-0.698
-0.644
-0.016
0.836
-0.045
0.606
0.839
0.611
-0.784
-0.95
0.49
-0.092
-0.635
-0.735
-0.931
0.119
-0.242
-0.615
0.218
0.719
0.801
0.051
-0.839
0.906
0.551
0.969
0.378
-0.913
0.462
0.072
-0.211
-0.799
-0.558
0.213
0.388
-0.16
-0.156
0.693
-0.676
0.863
-0.878
-0.708
-0.561
0.04
0.616
0.283
0.646
0.662
-0.253
-0.283
0.293
0.44
0.05
-0.769
-0.089
-0.553
-0.803
-0.692
-0.029
-0.22
0.737
0.192
0.514
-0.722
-0.24
-0.816
0.72
-0.256
-0.407
-0.58
-0.232
-0.621
-0.556
0.727
0.643
0.587
-0.261
0.863
-0.178
0.832
-0.482
-0.575
0.941
-0.715
0.84
-0.442
-0.153
0.866
-0.154
-0.508
0.255
0.393
0.563
-0.546
0.298
0.992
-0.451
-0.528
0.691
-0.864
-0.006
0.449
-0.881
-0.283
0.532
0.09
-0.848
-0.051
-0.719
-0.152
-0.291
-0.032
0.529
0.333
-0.845
-0.767
0.262
-0.722
-0.861
-0.934
0.351
-0.702
-0.379
0.41
0.939
0.121
-0.741
0.12
0.476
0.92
-0.301
-0.762
-0.353
-0.821
-0.087
-0.084
0.252
0.348
-0.466
-0.62
-0.449
0.265
-0.702
0.911
0.1
0.602
0.816
0.535
0.328
-0.352
-0.271
0.713
-0.201
0.514
0.215
-0.929
-0.156
0.35
-0.148
0.049
0.949
0.303
0.787
0.374
-0.947
0.064
0.222
-0.638
-0.397
0.616
0.066
0.899
0.432
-0.132
0.926
0.055
0.406
-0.559
0.704
0.073
0.653
-0.554
0.177
0.443
-0.701
-0.882
-0.984
0.542
0.673
0.13
0.813
-0.959
0.917
-0.18
-0.404
0.818
-0.806
-0.464
0.708
0.266
-0.092
0.02
0.51
0.039
0.411
-0.342
-0.649
-0.487
0.773
-0.432
-0.319
-0.206
-0.47
0.387
0.589
0.656
-0.915
0.254
0.817
0.088
0.546
0.024
0.146
0.825
-0.263
0.701
-0.38
-0.504
-0.351
0.304
-0.184
0.487
0.895
-0.064
0.544
0.854
-0.057
-0.277
0.041
-0.855
-0.763
0.959
-0.11
0.208
-0.016
0.418
-0.711
0.569
0.459
0.324
-0.016
0.287
-0.071
0.565
0.551
0.761
-0.082
0.135
0.586
-0.815
-0.443
-0.462
0.588
-0.195
-0.147
-0.569
0.145
-0.752
0.576
0.695
-0.433
0.714
-0.877
0.231
-0.041
-0.754
-0.316
-0.88
-0.114
-0.21
-0.335
-0.212
0.742
-0.064
-0.13
-0.213
-0.384
-0.221
-0.58
0.89
0.516
-0.832
-0.825
0.926
-0.489
-0.15
0.417
0.238
-0.199
0.259
0.478
0.822
0.407
-0.453
0.965
0.218
0.985
-0.686
-0.405
-0.724
0.874
-0.045
-0.356
0.506
-0.201
0.061
-0.247
-0.838
-0.7
-0.987
0.527
-0.392
0.478
-0.383
0.246
-0.439
0.201
-0.558
-0.039
0.838
0.651
-0.059
0.625
0.843
0.466
0.456
-0.89
0.549
0.116
0.977
0.938
0.168
-0.636
0.364
0.874
0.773
-0.52
0.547
0.638
-0.989
-0.469
0.865
-0.818
-0.539
0.636
0.111
-0.461
-0.076
0.037
0.956
0.77
-0.885
0.632
0.411
0.516
0.594
-0.2
0.712
-0.428
0.587
-0.797
-0.92
-0.912
-0.904
-0.638
-0.563
-0.624
0.235
0.148
-0.999
0.369
-0.053
-0.073
-0.522
0.085
-0.16
0.532
0.225
0.028
-0.079
0.041
-0.42
0.872
-0.999
-0.547
-0.434
-0.536
0.977
0.068
0.608
-0.815
0.782
0.126
-0.012
-0.19
-0.285
-0.991
0.517
0.217
0.759
-0.283
0.91
-0.891
-0.766
-0.119
0.356
-0.983
0.203
0.507
0.949
0.491
0.585
-0.522
-0.328
0.061
-0.568
-0.423
0.439
-0.27
-0.973
0.425
0.94
-0.188
0.798
-0.14
-0.073
0.918
0.917
0.872
0.412
-0.488
0.24
0.606
0.831
-0.801
0.843
-0.299
-0.446
-0.436
-0.601
-0.303
-0.337
-0.605
0.202
-0.076
-0.107
-0.01
0.45
-0.814
0.235
0.27
-0.476
0.142
-0.048
-0.947
-0.442
-0.892
0.861
0.5
0.143
-0.877
0.711
0.876
0.625
0.692
0.955
0.488
-0.375
0.229
0.039
-0.052
0.502
0.634
-0.855
-0.53
0.218
0.231
0.543
0.657
-0.998
0.855
-0.873
0.001
-0.866
0.446
0.546
0.929
-0.459
-0.189
0.948
-0.814
0.032
-0.989
0.253
-0.565
0.064
0.061
-0.884
-0.032
-0.329
-0.276
-0.603
-0.348
-0.936
0.539
-0.488
-0.563
-0.215
0.028
-0.074
0.703
-0.125
0.827
-0.302
0.75
-0.871
0.626
-0.005
-0.851
0.494
0.694
-0.085
-0.844
0.896
-0.649
0.425
0.435
-0.345
0.614
0.768
-0.542
-0.951
0.378
-0.03
0.813
0.134
-0.875
-0.063
-0.56
0.999
-0.305
-0.912
-0.964
0.25
0.6
-0.82
-0.793
-0.619
0.921
-0.35
-0.908
-0.164
-0.598
0.481
-0.359
-0.733
0.583
0.133
0.781
0.439
-0.066
-0.32
0.265
0.48
-0.304
0.719
0.368
0.837
-0.366
-0.225
0.535
-0.206
-0.327
-0.386
0.962
-0.457
0.414
-0.257
-0.575
-0.071
0.271
-0.069
-0.687
-0.348
-0.911
-0.328
-0.911
-0.916
-0.765
-0.334
0.387
0.128
-0.109
0.037
-0.254
0.144
-0.949
-0.139
-0.804
-0.141
-0.505
0.314
-0.15
0.167
-0.5
0.286
0.832
-0.195
-0.605
-0.821
-0.175
0.486
0.359
0.245
-0.023
0.868
-0.867
-0.929
-0.882
0.842
0.549
-0.402
-0.375
-0.776
-0.981
0.173
-0.132
-0.744
-0.24
0.288
0.38
-0.324
0.457
0.413
-0.822
0.346
-0.714
0.731
-0.681
-0.415
-0.107
0.566
-0.038
-0.083
0.223
-0.253
0.811
0.553
-0.112
-0.091
-0.443
0.538
0.882
0.499
0.608
-0.411
0.647
-0.244
-0.143
0.799
0.177
-0.677
-0.227
-0.172
0.862
-0.288
-0.987
-0.344
-0.658
-0.325
0.775
-0.24
-0.721
-0.559
0.94
0.521
-0.427
0.722
-0.344
-0.809
-0.117
0.836
0.387
0.049
-0.478
-0.851
0.021
-0.189
-0.732
0.992
-0.485
0.559
-0.543
0.762
0.172
0.369
-0.638
-0.435
-0.933
-0.503
-0.197
0.47
-0.038
-0.343
-0.216
-0.147
0.661
-0.557
0.985
0.596
0.351
-0.731
-0.202
0.454
0.582
0.222
0.823
-0.796
0.41
0.411
-0.787
0.474
-0.357
0.36
-0.347
0.559
0.339
-0.129
0.921
-0.596
-0.486
-0.466
0.946
-0.566
-0.973
0.093
0.976
0.527
0.044
-0.459
0.982
-0.887
-0.476
0.586
0.381
0.282
0.084
-0.299
0.001
0.642
-0.824
0.608
-0.022
-0.514
-0.688
0.791
0.955
0.783
-0.915
-0.778
-0.367
-0.036
-0.765
0.899
0.263
-0.074
0.942
-0.786
-0.557
0.545
0.848
-0.317
-0.446
0.766
0.891
-0.669
0.118
0.232
-0.927
0.749
-0.7
0.991
-0.731
-0.512
0.7
-0.765
0.131
0.454
-0.854
-0.446
0.428
-0.228
-0.31
0.605
0.686
-0.216
0.751
0.331
0.941
-0.539
0.804
0.636
0.749
-0.94
-0.41
-0.69
0.677
-0.071
0.242
0.854
-0.484
0.605
-0.74
-0.723
-0.105
-0.525
0.048
0.435
-0.851
0.314
0.851
0.875
-0.366
0.825
-0.562
0.107
0.102
-0.429
0.808
0.024
-0.035
0.63
0.647
0.647
-0.638
0.135
-0.613
-0.411
-0.389
-0.305
-0.092
-0.901
0.124
0.76
-0.605
0.61
-0.365
-0.973
-0.693
0.269
0.734
-0.272
0.129
0.683
-0.898
-0.854
0.786
0.225
0.371
-0.688
0.714
0.235
0.399
-0.796
-0.948
0.203
-0.604
-0.942
-0.459
-0.214
0.17
-0.092
0.343
0.292
0.139
-0.444
0.369
0.444
0.538
0.8
-0.075
-0.228
0.393
0.642
0.159
0.796
0.768
0.149
0.162
0.045
0.115
0.263
-0.291
-0.549
-0.947
0.407
0.3
-0.339
-0.654
0.949
-0.841
-0.152
-0.726
-0.639
-0.806
0.653
0.16
-0.253
-0.227
0.901
0.754
-0.287
0.633
-0.648
-0.113
0.495
0.446
0.967
-0.452
0.856
0.539
0.165
-0.705
0.316
-0.365
-0.436
-0.7
-0.519
-0.11
0.719
-0.081
-0.906
-0.486
-0.844
-0.406
0.176
-0.995
0.988
0.327
-0.576
0.803
0.738
0.675
-0.425
-0.179
0.342
-0.727
-0.186
-0.311
0.592
0.403
-0.193
-0.604
-0.397
-0.712
-0.423
0.867
-0.509
0.406
0.115
-0.08
-0.353
-0.438
-0.512
0.911
0.428
0.739
-0.676
0.16
-0.272
-0.982
-0.821
0.484
-0.342
0.553
0.359
-0.72
0.058
0.366
-0.384
-0.189
0.541
-0.04
0.607
-0.738
0.146
-0.073
-0.618
0.012
-0.923
-0.797
0.724
0.574
-0.288
0.142
0.135
-0.158
0.904
0.06
0.393
0.385
0.394
0.451
-0.634
-0.296
-0.499
0.966
0.456
-0.201
-0.006
-0.954
0.076
0.32
-0.718
-0.769
0.68
-0.5
-0.911
0.026
0.681
0.626
0.211
0.84
0.086
0.604
0.317
-0.291
0.329
-0.329
0.988
0.207
0.64
-0.723
-0.866
0.268
-0.584
-0.983
-0.583
-0.403
-0.896
0.217
-0.243
-0.072
0.084
0.223
-0.06
-0.146
-0.586
-0.868
0.922
0.774
-0.898
0.325
0.171
-0.834
-0.796
-0.015
-0.355
0.701
0.612
-0.464
0.889
0.119
0.423
0.559
0.283
-0.252
-0.051
0.532
0.685
0.693
-0.588
0.881
0.134
-0.637
-0.08
-0.795
0.008
0.21
-0.807
0.841
0.882
-0.275
0.143
-0.198
0.343
0.016
-0.491
-0.819
-0.151
-0.568
-0.636
-0.432
0.276
-0.234
0.591
0.799
0.051
0.164
-0.741
0.366
0.577
-0.46
0.063
-0.984
-0.071
-0.278
0.443
0.972
-0.584
0.101
-0.71
-0.499
0.41
-0.294
0.823
0.61
-0.128
-0.112
0.914
-0.768
-0.329
-0.26
0.367
0.656
-0.204
-0.238
0.885
-0.288
0.712
0.997
-0.045
0.847
-0.761
0.761
-0.115
0.152
0.892
0.972
-0.373
0.131
-0.953
0.849
-0.656
0.768
-0.812
-0.019
-0.39
-0.807
-0.334
0.83
0.779
0.231
-0.22
-0.319
-0.814
-0.783
-0.877
0.113
-0.392
0.623
0.253
0.201
-0.249
0.943
-0.299
0.192
-0.571
0.151
0.251
-0.453
-0.142
-0.905
0.959
0.571
0.383
0.21
-0.993
0.239
-0.925
-0.653
-0.657
-0.113
-0.111
-0.209
-0.725
0.308
-0.814
0.343
0.397
-0.105
0.71
0.797
0.462
-0.291
-0.327
-0.767
-0.87
0.67
0.365
-0.2
0.828
-0.644
-0.612
-0.439
0.977
-0.271
0.308
-0.27
0.674
0.257
0.415
0.075
0.389
-0.185
0.363
0.186
-0.576
0.087
-0.513
0.342
-0.478
0.662
0.015
0.149
0.041
-0.157
-0.652
0.695
0.656
0.622
0.188
-0.471
-0.85
-0.717
-0.331
0.354
0.834
0.203
-0.714
0.169
0.09
-0.659
0.384
0.611
0.325
-0.302
-0.586
-0.411
0.807
0.63
-0.961
-0.029
0.985
-0.155
-0.354
0.638
-0.845
-0.165
-0.897
0.399
0.974
-0.532
0.637
0.226
0.68
0.356
-0.663
-0.402
0.073
-0.194
0.858
-0.348
0.683
0.748
0.494
-0.18
-0.887
0.575
-0.555
-0.461
-0.095
0.695
0.939
0.738
0.234
0.907
0.093
0.198
0.904
0.582
0.71
-0.139
0.486
-0.547
-0.007
-0.392
-0.582
-0.4
0.955
-0.49
0.811
-0.061
-0.129
-0.677
-0.12
-0.549
0.582
0.042
-0.854
-0.144
-0.709
0.524
0.229
-0.415
0.51
0.663
0.247
-0.148
-0.886
0.988
0.387
0.85
0.854
0.38
-0.26
0.209
0.726
0.1
0.987
-0.303
-0.622
-0.122
-0.429
-0.46
0.213
-0.71
0.426
-0.477
0.986
-0.06
0.098
-0.906
0.601
-0.215
0.268
0.675
-0.911
-0.119
0.136
-0.665
-0.389
-0.301
-0.757
0.142
0.191
0.852
-0.977
0.144
0.909
-0.314
0.61
0.029
-0.428
-0.85
-0.517
-0.593
-0.961
0.001
-0.198
0.228
-0.548
0.789
0.709
-0.677
-0.622
0.67
-0.47
-0.227
-0.786
-0.035
-0.632
-0.338
-0.081
-0.413
0.835
-0.216
-0.155
0.644
0.349
0.152
-0.277
0.587
0.443
-0.538
-0.091
-0.365
-0.796
-0.439
-0.93
0.025
0.065
0.671
-0.472
0.46
0.923
-0.7
0.327
0.249
-0.22
-0.744
-0.526
0.489
0.994
-0.101
0.944
0.293
-0.745
-0.926
0.434
0.041
-0.698
0.21
-0.09
0.116
-0.579
0.743
-0.353
-0.423
-0.704
-0.939
0.376
0.444
0.35
0.556
-0.045
-0.08
0.888
-0.343
-0.319
0.459
0.42
0.464
0.974
-0.636
-0.32
-0.573
0.578
0.455
0.615
0.749
-0.982
0.828
-0.643
0.462
0.944
0.785
-0.563
-0.472
0.46
0.66
0.81
0.618
0.835
-0.717
0.623
-0.155
0.75
-0.516
-0.634
-0.719
0.248
0.17
0.291
-0.919
0.782
-0.335
0.204
0.438
0.936
0.471
-0.341
-0.997
0.962
0.567
0.202
0.182
-0.572
0.463
0.826
-0.354
0.487
0.216
-0.536
0.688
0.549
-0.445
-0.224
0.167
0.428
0.237
-0.018
-0.189
-0.05
0.352
0.574
-0.964
-0.78
-0.703
0.046
0.713
0.621
0.567
0.463
-0.067
0.296
0.32
-0.742
-0.783
-0.565
0.822
-0.048
0.836
-0.129
0.066
-0.863
-0.943
-0.527
-0.707
0.79
0.163
0.717
0.227
0.072
-0.745
-0.266
0.588
-0.42
0.201
-0.119
-0.937
0.621
-0.101
0.174
-0.24
-0.766
0.409
0.261
0.145
-0.955
0.142
-0.516
0.397
0.654
0.177
-0.238
-0.336
0.344
0.108
0.969
0.737
-0.764
0.499
-0.652
0.1
-0.167
0.034
-0.835
-0.617
0.04
0.221
-0.939
-0.863
0.228
0.448
-0.304
0.665
-0.589
0.633
0.168
-0.092
-0.985
-0.092
0.308
0.09
0.112
0.855
-0.09
0.357
-0.261
-0.159
-0.686
-0.929
0.399
0.513
-0.215
-0.992
-0.466
0.261
-0.48
-0.399
-0.596
-0.435
0.433
0.709
0.265
-0.763
0.255
-0.39
0.284
-0.34
0.723
-0.02
-0.878
0.625
-0.16
0.644
0.163
0.941
0.258
-0.693
0.617
-0.785
-0.395
0.933
-0.38
0.123
0.182
-0.025
0.532
-0.832
-0.876
-0.147
-0.822
-0.279
0.084
0.763
-0.18
-0.971
-0.321
0.809
0.553
0.653
-0.537
0.719
0.126
-0.999
0.317
-0.779
0.946
0.641
-0.925
-0.422
-0.314
-0.941
-0.524
0.171
0.626
0.135
-0.597
0.355
-0.294
0.354
0.371
0.757
0.959
-0.843
-0.742
0.236
-0.607
0.594
0.102
0.145
-0.806
-0.945
0.634
-0.742
0.404
-0.82
0.573
-0.696
0.688
0.67
0.325
-0.752
-0.712
-0.533
0.534
-0.518
-0.578
0.859
-0.447
0.056
-0.624
0.506
-0.692
-0.437
0.613
-0.102
0.604
-0.297
-0.208
-0.455
-0.59
0.632
-0.429
0.646
0.881
-0.589
-0.433
0.279
0.684
-0.817
0.214
-0.975
-0.528
0.959
-0.469
-0.218
0.677
-0.761
0.88
0.571
0.247
-0.426
0.825
-0.397
0.602
-0.031
0.509
0.764
0.184
0.847
0.204
-0.839
-0.325
-0.976
-0.79
-0.109
-0.624
-0.104
-0.241
-0.034
-0.859
0.748
0.02
-0.03
0.544
-0.994
-0.735
-0.285
0.517
0.313
-0.069
0.885
-0.387
0.651
-0.688
0.712
-0.292
-0.683
0.984
0.561
0.718
-0.52
0.303
-0.681
-0.953
0.555
-0.053
0.734
0.482
-0.494
-0.525
-0.446
-0.5
-0.733
0.982
-0.086
0.873
-0.139
0.997
-0.37
-0.179
-0.641
0.267
-0.05
0.206
0.474
-0.51
0.143
-0.083
0.295
-0.59
-0.987
-0.261
-0.418
0.451
0.672
0.564
-0.573
-0.384
-0.559
-0.597
-0.574
-0.48
-0.023
-0.812
0.959
0.066
-0.701
0.223
0.007
-0.486
0.604
0.454
0.18
0.142
0.924
0.043
-0.037
-0.726
-0.428
-0.716
0.34
0.461
0.192
-0.454
0.481
0.688
-0.202
0.72
0.054
0.388
0.995
-0.436
0.182
0.051
-0.339
0.76
0.757
-0.582
0.434
-0.935
0.845
0.484
-0.065
-0.485
-0.851
0.385
0.473
0.292
0.381
-0.731
0.067
0.032
0.773
-0.145
-0.243
0.347
0.608
-0.829
0.684
0.78
-0.884
0.954
-0.403
0.85
0.967
-0.94
-0.41
0.196
0.084
0.857
-0.923
0.986
-0.81
-0.451
-0.766
-0.653
0.273
0.573
0.284
0.885
-0.3
0.447
0.174
-0.686
-0.995
0.441
-0.758
0.321
-0.967
0.485
-0.013
0.6
-0.382
0.45
-0.174
-0.225
-0.052
-0.026
0.263
0.735
0.474
-0.955
-0.806
0.619
0.401
0.918
0.909
0.413
0.707
0.686
0.127
-0.153
-0.498
0.862
0.808
-0.323
-0.44
-0.466
0.76
0.006
0.169
-0.521
0.467
0.705
-0.747
0.16
-0.898
0.23
0.109
-0.631
-0.79
0.908
0.982
0.272
0.023
-0.036
-0.199
-0.99
-0.429
0.145
-0.513
0.964
0.617
-0.518
-0.254
-0.72
-0.164
0.58
0.636
0.681
-0.821
-0.984
-0.911
0.944
0.195
-0.276
0.413
-0.269
0.115
0.581
-0.019
-0.056
-0.902
0.567
0.323
0.875
0.095
-0.783
0.844
0.659
-0.177
0.856
0.6
-0.21
0.61
-0.515
0.273
-0.084
-0.115
-0.595
0.807
0.468
0.657
0.658
-0.183
-0.92
-0.653
0.419
-0.238
-0.255
0.344
0.462
-0.091
0.395
-0.1
-0.252
-0.428
0.155
-0.128
-0.514
0.246
-0.878
-0.298
-0.357
0.495
-0.101
-0.553
-0.658
0.881
0.094
-0.322
0.874
0.889
0.318
-0.844
-0.175
-0.489
0.968
-0.271
0.023
-0.152
0.483
0.368
0.234
-0.657
0.022
0.031
0.405
0.842
0.644
0.39
0.031
-0.339
-0.922
-0.333
0.749
-0.835
0.522
-0.478
-0.265
-0.103
0.864
-0.173
0.732
-0.504
-0.526
-0.19
-0.47
0.023
0.238
0.731
0.258
-0.579
0.589
0.175
-0.878
-0.519
0.884
-0.325
0.555
0.996
-0.867
-0.573
-0.799
0.605
-0.327
0.537
-0.59
-0.255
-0.777
-0.658
-0.937
0.951
-0.741
-0.907
0.883
0.914
-0.749
-0.942
0.047
-0.283
-0.859
0.995
-0.464
-0.301
-0.098
-0.375
-0.521
-0.116
-0.631
0.847
0.946
-0.427
0.267
0.637
-0.381
0.742
-0.405
0.647
-0.109
0.505
0.607
0.036
-0.952
-0.245
-0.272
-0.929
-0.915
0.587
-0.096
0.752
0.444
-0.983
0.782
-0.917
-0.872
-0.882
0.222
-0.488
0.699
-0.435
-0.859
-0.162
0.823
-0.367
0.058
0.044
0.756
-0.267
-0.834
0.094
-0.5
-0.284
0.402
-0.644
0.693
0.028
0.317
0.094
0.332
-0.065
-0.562
0.563
-0.45
-0.288
-0.396
-0.146
-0.794
-0.914
0.463
0.08
0.707
-0.821
0.973
-0.918
0.037
-0.019
-0.741
0.964
0.912
0.493
0.446
0.613
-0.805
-0.946
-0.853
0.387
-0.904
-0.79
-0.974
0.84
0.083
0.982
0.541
0.115
-0.311
-0.648
-0.705
0.597
-0.822
0.706
0.722
0.922
0.29
0.787
-0.206
-0.43
0.36
0.297
-0.264
-0.547
0.529
-0.226
0.311
-0.823
-0.234
0.646
0.893
0.808
-0.27
0.771
-0.927
0.947
0.477
0.8
0.517
0.362
-0.369
0.188
-0.631
0.899
0.758
-0.322
0.825
-0.536
0.017
0.372
-0.351
0.107
0.888
0.186
0.717
-0.021
-0.593
-0.876
-0.959
0.999
0.272
0.04
0.166
-0.116
-0.61
-0.068
-0.354
0.183
0.129
-0.698
0.073
0.978
0.15
0.417
0.003
-0.377
-0.44
0.551
-0.893
-0.43
-0.088
-0.274
0.252
0.734
-0.213
0.126
0.987
-0.092
0.04
-0.861
-0.127
0.215
-0.32
-0.783
0.729
-0.047
0.563
0.411
0.488
0.037
-0.858
0.179
0.62
-0.18
-0.959
-0.211
-0.129
0.453
0.081
-0.549
-0.949
-0.981
0.992
0.688
0.735
-0.417
0.349
-0.997
-0.179
0.977
-0.254
0.926
-0.554
-0.996
-0.991
0.579
-0.722
-0.816
0.193
0.744
-0.578
0.673
0.447
-0.383
-0.277
0.831
-0.945
-0.745
0.988
0.917
-0.642
0.058
-0.079
-0.455
-0.873
-0.803
-0.375
0.233
-0.672
-0.693
0.178
0.435
0.891
-0.497
0.535
0.504
0.468
0.352
0.69
-0.615
-0.026
-0.711
-0.73
0.49
-0.197
-0.376
0.935
0.183
0.676
-0.765
0.793
0.692
0.63
0.149
-0.151
-0.755
-0.78
0.83
0.509
0.121
-0.776
-0.143
-0.336
0.697
0.507
-0.479
-0.458
-0.863
0.393
-0.131
0.517
-0.221
-0.639
0.634
-0.502
-0.412
0.622
-0.144
0.322
0.934
0.437
0.365
0.785
-0.886
-0.678
0.977
0.385
0.527
-0.662
0.543
0.429
0.453
0.762
0.186
-0.052
-0.246
-0.187
-0.301
0.021
-0.137
0.383
0.479
-0.04
-0.608
0.197
0.124
0.611
0.42
0.919
0.095
-0.878
-0.443
-0.813
-0.029
0.972
-0.475
-0.102
0.471
-0.799
-0.005
0.904
-0.869
-0.331
-0.234
-0.297
-0.297
-0.035
0.882
-0.913
-0.276
-0.868
0.229
-0.958
0.451
0.579
-0.648
-0.373
0.501
0.882
-0.828
-0.654
-0.356
0.106
0.191
-0.529
0.51
-0.412
-0.471
0.316
0.819
0.818
0.811
0.57
0.892
0.043
-0.775
0.762
0.502
0.973
-0.075
0.51
-0.162
-0.875
-0.82
0.599
-0.69
-0.15
0.768
0.243
-0.304
0.201
0.594
0.966
0.774
-0.067
-0.242
-0.434
0.844
0.214
-0.155
-0.313
0.702
0.187
-0.836
-0.3
0.131
0.172
0.806
-0.248
0.775
-0.274
-0.206
-0.738
-0.726
-0.68
-0.288
-0.318
-0.655
0.936
0.941
-0.345
0.648
0.594
-0.314
0.362
-0.887
0.869
0.656
-0.641
0.499
0.031
-0.412
-0.095
-0.716
0.482
0.076
-0.477
-0.651
-0.286
-0.663
-0.429
0.429
0.992
0.508
0.115
-0.547
-0.977
-0.943
-0.788
0.662
0.772
0.72
0.107
0.642
-0.4
-0.255
-0.201
0.736
-0.04
0.041
0.961
0.512
-0.844
0.795
-0.935
-0.15
-0.4
0.051
-0.635
0.991
-0.2
0.017
-0.181
0.834
-0.34
-0.091
-0.83
0.65
-0.422
-0.09
0.86
0.398
0.175
-0.055
0.362
-0.346
-0.131
-0.82
-0.822
-0.466
0.762
-0.665
-0.82
-0.543
-0.187
0.47
0.427
-0.083
-0.196
0.877
-0.572
-0.506
-0.197
0.487
0.878
0.215
0.727
0.431
0.213
0.419
-0.367
-0.059
0.178
-0.179
0.152
-0.574
0.343
-0.953
-0.413
0.387
-0.898
0.216
-0.048
-0.516
0.766
0.417
0.736
0.458
-0.441
0.741
0.648
-0.002
0.655
0.867
0.497
-0.823
-0.185
-0.103
0.955
-0.913
-0.762
0.134
-0.874
0.553
0.045
0.052
-0.802
-0.318
-0.635
-0.008
-0.894
0.637
0
-0.394
0.171
-0.885
-0.789
-0.981
0.288
0.518
-0.393
-0.081
0.268
0.096
-0.713
-0.527
0.204
-0.065
-0.556
-0.976
-0.677
0.92
0.708
-0.243
0.342
-0.804
0.171
-0.687
0.837
0.052
-0.938
0.347
0.17
0.907
0.196
0.617
0.949
-0.154
0.012
0.324
-0.371
0.275
-0.045
0.438
-0.478
-0.922
0.796
-0.37
0.832
-0.193
0.578
0.531
-0.323
-0.995
0.774
0.581
-0.955
0.891
-0.217
0.358
-0.583
-0.646
0.155
0.152
-0.096
0.518
0.279
0.397
0.166
-0.148
-0.49
0.425
-0.005
-0.894
0.414
0.376
-0.279
-0.918
0.763
-0.882
-0.148
-0.667
-0.341
0.732
-0.381
0.406
-0.215
0.063
-0.602
-0.737
0.961
0.036
0.297
0.602
-0.313
0.131
0.827
0.778
0.207
0.935
-0.725
-0.514
0.944
0.046
0.57
0.127
0.506
-0.352
0.066
0.195
0.029
-0.574
-0.373
0.725
-0.495
0.856
0.164
0.775
0.086
-0.285
-0.649
0.125
0.172
0.036
0.642
-0.032
-0.021
0.634
-0.415
-0.263
-0.805
0.315
-0.564
0.112
-0.538
-0.531
0.516
-0.268
-0.821
-0.104
-0.596
0.776
-0.351
0.444
-0.851
-0.47
0.609
-0.989
-0.56
-0.482
-0.965
0.57
0.716
-0.804
-0.292
-0.339
0.539
-0.146
-0.609
0.813
-0.431
-0.41
-0.869
-0.949
0.499
-0.853
-0.526
-0.984
-0.181
-0.119
-0.069
0.297
0.467
-0.339
-0.953
-0.459
-0.211
-0.474
0.865
0.114
-0.701
-0.155
0.993
0.145
0.957
-0.906
0.239
-0.039
0.566
-0.646
0.703
-0.822
0.801
0.885
0.769
0.837
0.132
0.564
-0.586
0.557
0.545
-0.274
-0.612
-0.118
0.765
-0.475
0.678
-0.073
0.114
0.916
0.79
-0.576
-0.058
-0.285
0.376
-0.112
0.482
0.998
-0.752
0.85
-0.367
0.584
-0.789
-0.422
-0.738
0.714
0.463
0.643
0.197
-0.495
-0.423
-0.315
-0.024
-0.793
-0.456
0.545
-0.725
0.103
-0.523
-0.263
-0.923
-0.609
-0.463
0.162
0.651
-0.729
-0.052
-0.596
-0.082
-0.969
0.482
0.1
0.403
-0.178
-0.944
-0.09
-0.95
0.551
0.958
-0.89
0.919
0.115
-0.994
0.5
-0.108
0.166
-0.574
0.262
-0.446
0.369
0.118
-0.67
-0.848
-0.999
0.366
0.488
-0.598
0.308
0.127
0.795
0.096
-0.225
0.24
0.946
-0.376
-0.383
-0.473
0.111
-0.333
0.393
-0.803
0.761
-0.69
-0.732
-0.023
0.706
-0.113
-0.089
-0.088
0.927
0.664
-0.499
0.775
-0.85
0.195
-0.909
-0.569
0.257
0.277
0.114
-0.805
0.762
0.289
0.852
-0.603
0.616
-0.655
-0.632
-0.579
0.943
0.236
-0.999
-0.248
-0.314
0.578
-0.29
-0.372
-0.544
-0.401
0.094
-0.423
-0.848
-0.189
-0.075
0.957
0.629
0.287
-0.457
0.03
0.038
0.543
0.471
-0.189
0.204
0.608
-0.782
-0.199
0.585
-0.344
-0.029
-0.3
-0.174
0.592
-0.532
-0.485
0.86
0.865
-0.547
0.67
0.17
-0.277
0.223
-0.416
0.747
-0.867
-0.069
-0.844
-0.939
0.803
-0.906
0.806
-0.517
0.468
0.533
0.89
0.313
-0.652
-0.152
-0.211
-0.465
0.606
-0.531
0.926
-0.997
-0.325
0.281
0.136
-0.399
0.014
0.84
0.352
0.376
-0.032
-0.305
0.856
-0.7
-0.476
0.508
-0.603
-0.088
-0.553
0.174
-0.915
0.075
-0.283
0.698
0.183
0.152
0.852
0.017
-0.753
-0.859
-0.232
0.898
0.268
-0.936
0.784
0.037
-0.155
0.003
-0.806
0.059
-0.585
-0.001
0.136
0.641
0.116
-0.421
-0.44
-0.472
0.61
0.706
-0.692
-0.588
0.797
0.785
0.758
0.866
-0.749
0.43
0.203
-0.33
-0.352
-0.957
-0.444
-0.237
0.307
-0.308
-0.498
0.898
-0.638
-0.227
0.764
0.373
-0.312
-0.802
0.078
-0.023
-0.899
-0.001
-0.366
-0.53
-0.197
-0.152
0.261
-0.228
-0.065
0.97
0.137
-0.479
-0.938
-0.618
-0.781
-0.564
0.234
-0.345
0.282
0.597
-0.128
0.987
-0.566
0.375
0.11
0.504
0.253
-0.033
0.74
-0.566
-0.15
-0.838
-0.986
0.368
-0.27
0.074
-0.351
-0.701
0.888
0.725
0.482
-0.383
0.445
-0.273
-0.252
-0.752
-0.354
-0.97
0.339
-0.496
-0.048
-0.335
-0.083
-0.171
-0.099
0.171
-0.193
0.751
-0.269
-0.112
0.723
-0.435
0.83
-0.79
0.705
0.422
-0.497
-0.211
-0.676
-0.25
0.459
0.94
-0.819
0.393
-0.051
0.341
0.029
0.149
0.891
-0.239
-0.365
0.486
-0.995
-0.22
-0.185
-0.295
-0.821
0.425
0.714
0.558
-0.216
-0.743
-0.561
-0.404
-0.127
-0.468
0.772
0.767
0.09
-0.492
-0.143
0.049
0.617
-0.131
0.978
-0.559
-0.473
-0.848
-0.146
-0.201
-0.524
0.459
-0.701
-0.486
-0.153
-0.712
0.718
-0.709
-0.508
0.93
0.868
-0.24
-0.366
-0.105
-0.685
0.555
0.554
-0.185
0.646
0.166
-0.957
0.556
-0.615
0.315
-0.441
0.118
-0.306
-0.626
-0.727
-0.493
-0.516
-0.03
-0.297
-0.385
0.117
-0.317
-0.756
-0.744
-0.461
-0.607
0.759
0.129
0.792
0.31
-0.289
0.22
-0.678
0.949
-0.669
0.453
0.687
0.598
0.611
0.846
0.631
0.143
0.529
0.163
-0.062
-0.864
-0.653
0.519
-0.798
-0.25
-0.311
-0.549
-0.439
-0.628
-0.201
-0.404
-0.741
0.835
-0.254
0.644
0.896
-0.087
-0.726
0.846
0.195
0.738
-0.224
0.169
0.454
-0.637
-0.423
0.935
0.179
-0.085
0.965
0.614
0.638
-0.559
-0.499
0.858
0.251
-0.168
0.957
-0.126
-0.016
-0.129
0.93
-0.699
-0.826
0.658
-0.633
0.169
-0.002
-0.721
-0.809
-0.25
0.494
0.631
-0.929
-0.335
-0.381
-0.059
-0.984
-0.374
-0.629
-0.665
0.165
0.932
0.545
-0.085
-0.651
-0.036
0.911
0.743
0.372
0.378
0.62
0.298
0.618
-0.016
-0.605
-0.878
-0.732
0.362
0.646
-0.749
-0.108
0.895
0.898
-0.848
0.52
-0.592
0.867
0.827
-0.99
-0.665
0.499
0.73
-0.145
0.715
-0.665
-0.78
-0.487
0.646
-0.626
0.711
-0.713
0.954
0.316
-0.019
-0.256
0.858
0.078
-0.087
0.715
-0.551
-0.485
0.309
0.724
-0.551
-0.643
0.206
-0.463
0.852
0.511
0.877
0.768
-0.22
0.127
0.801
-0.919
0.195
-0.997
0.843
-0.826
0.226
-0.895
-0.696
-0.594
-0.02
-0.274
-0.783
-0.873
0.796
0.484
0.643
0.42
0.736
-0.977
0.565
0.093
-0.265
0.382
0.887
-0.431
-0.622
-0.031
-0.892
0.046
-0.193
0.955
-0.081
-0.569
-0.215
-0.224
0.996
-0.739
0.034
-0.019
0.103
0.897
0.216
0.399
-0.252
0.645
0.348
-0.206
0.879
-0.479
0.653
0.351
0.164
0.355
-0.156
-0.977
0.778
0.304
0.466
-0.527
-0.368
-0.452
-0.606
0.337
0.99
-0.96
-0.474
0.144
0.157
0.375
0.506
0.022
0.289
-0.38
-0.669
0.313
0.994
-0.741
-0.35
0.808
-0.991
0.564
-0.004
0.149
0.417
-0.965
-0.79
-0.247
-0.135
0.799
0.568
0.309
-0.936
0.166
0.816
-0.105
-0.677
-0.541
0.374
-0.979
-0.55
-0.394
0.194
-0.933
-0.408
-0.089
-0.338
-0.24
0.162
0.495
0.003
-0.817
-0.875
-0.819
0.292
-0.94
-0.221
-0.224
-0.5
-0.01
-0.087
-0.973
0.43
-0.316
0.059
-0.556
0.711
0.655
0.453
-0.041
0.978
-0.197
-0.458
0.285
-0.618
0.859
-0.679
-0.954
0.711
0.251
0.133
-0.33
-0.507
0.781
0.684
-0.214
0.862
-0.81
0.31
-0.582
-0.176
0.625
0.661
-0.349
0.579
-0.286
-0.019
0.69
-0.547
0.631
-0.096
-0.69
-0.492
-0.467
-0.977
0.865
-0.213
-0.16
-0.961
-0.196
0.865
0.221
0.79
-0.31
0.377
0.314
-0.651
-0.568
-0.559
-0.344
0.794
0.693
0.194
0.195
0.005
0.054
0.241
-0.547
-0.006
0.981
-0.003
0.65
0.665
0.425
-0.952
0.774
0.866
0.872
0.186
0.823
-0.87
-0.424
0.834
0.896
0.202
0.838
0.565
-0.499
-0.338
0.596
-0.523
0.216
0.222
-0.158
0.545
0.85
-0.046
0.864
-0.993
-0.445
-0.761
-0.118
0.446
0.588
-0.935
0.66
-0.641
0.237
-0.428
-0.68
0.328
0.331
-0.618
0.338
0.574
-0.185
0.893
0.131
-0.24
-0.382
0.756
-0.14
0.911
-0.996
-0.262
0.371
-0.445
0.971
-0.96
0.486
0.435
0.768
-0.513
0.313
0.42
-0.972
-0.019
-0.547
0.119
-0.068
-0.549
0.576
-0.878
-0.657
0.273
0.193
0.756
-0.154
-0.393
-0.354
0.935
0.821
-0.039
-0.098
0.536
-0.49
0.392
0.237
-0.987
0.931
0.671
0.473
-0.269
0.919
0.024
0.391
0.257
0.738
-0.792
0.458
0.083
-0.786
-0.158
0.863
0.487
-0.231
-0.348
0.44
0.197
-0.891
-0.275
-0.058
-0.795
-0.863
0.694
-0.072
-0.167
0.397
-0.932
-0.408
0.968
0.595
0.116
-0.344
0.747
-0.238
-0.17
0.599
0.857
-0.205
-0.247
0.504
-0.599
-0.332
-0.889
0.639
0.007
-0.146
-0.625
0.596
0.782
-0.014
0.959
-0.863
0.69
-0.632
0.157
-0.033
0.804
0.106
0.562
-0.072
-0.209
-0.779
0.728
0.642
-0.908
0.615
0.514
0.467
-0.755
0.297
0.678
0.73
-0.336
-0.206
-0.564
0.047
0.655
0.571
-0.661
-0.205
0.183
0.577
0.148
0.28
-0.358
-0.674
-0.274
-0.074
0.749
0.23
-0.065
-0.284
-0.889
0.863
0.193
-0.383
0.458
0.88
0.655
-0.49
0.315
0.716
0.215
0.418
0.329
-0.338
0.391
0.118
-0.005
0.222
0.154
0.677
0.999
-0.583
0.871
-0.137
-0.897
-0.183
-0.948
-0.853
-0.274
0.097
-0.055
-0.526
-0.225
-0.935
0.286
-0.11
0.91
-0.198
0.277
0.636
-0.341
0.696
0.287
-0.087
0.241
0.396
-0.723
-0.611
0.397
-0.851
0.531
-0.199
0.07
0.205
0.297
-0.443
0.041
0.38
-0.666
0.176
-0.128
0.341
-0.9
0.372
-0.952
0.635
-0.577
-0.036
-0.02
-0.471
0.135
-0.225
-0.518
0.292
-0.258
0.336
0.452
-0.059
0.697
-0.606
0.913
-0.836
0.803
0.745
-0.515
0.386
-0.12
-0.04
0.036
0.58
-0.237
-0.236
0.594
0.918
-0.818
0.646
0.67
0.658
-0.063
-0.031
0.914
0.858
-0.931
-0.879
0.581
0.3
0.229
-0.885
0.075
-0.216
0.315
-0.23
0.956
0.868
-0.191
0.834
-0.855
0.333
0.61
0.203
-0.573
0.797
-0.669
-0.856
-0.436
0.641
-0.472
-0.707
0.344
-0.349
-0.54
-0.096
0.268
0.545
-0.17
-0.129
0.794
0.487
0.946
-0.975
0.874
0.951
0.626
0.102
-0.728
-0.169
0.763
-0.918
-0.653
0.558
0.271
0.528
0.635
0.885
0.646
0.492
-0.6
-0.774
0.805
0.665
0.08
-0.262
-0.697
-0.823
0.971
-0.787
0.239
0.16
0.167
-0.603
0.113
0.652
-0.703
-0.048
0.812
-0.161
0.206
0.723
-0.586
0.632
-0.832
0.38
0.752
0.122
0.547
0.017
-0.493
-0.692
-0.474
0.432
-0.83
0.555
-0.855
0.489
0.374
-0.728
0.172
0.884
0.067
0.528
0.532
-0.921
0.919
0.856
-0.698
0.306
0.733
0.758
-0.916
0.486
0.709
-0.909
0.72
0.535
0.802
0.728
-0.918
0.401
0.752
-0.864
-0.773
-0.006
0.536
0.019
0.909
0.775
0.269
0.286
-0.386
-0.331
-0.793
-0.919
0.497
-0.727
0.926
0.989
-0.202
0.196
-0.988
-0.766
-0.686
-0.203
0.016
0.448
-0.373
-0.303
0.033
0.012
0.91
-0.004
0.256
0.71
0.296
-0.987
-0.347
-0.972
0.91
0.141
0.608
-0.42
-0.274
-0.589
-0.625
-0.422
0.119
-0.433
-0.033
0.106
0.391
-0.31
0.808
-0.577
-0.583
0.755
-0.948
-0.695
-0.78
0.927
-0.751
0.013
-0.147
0.591
0.176
0.074
0.27
-0.704
0.649
0.46
0.89
-0.295
0.755
-0.192
-0.165
0.373
-0.383
-0.654
-0.098
-0.049
-0.94
0.414
0.568
0.257
0.358
0.782
0.634
0.639
0.943
-0.925
-0.35
0.708
0.196
-0.425
0.521
0.073
-0.157
-0.874
-0.968
-0.267
0.016
0.474
-0.959
-0.852
0.28
-0.943
0.814
0.261
0.39
0.091
0.016
-0.65
-0.386
0.228
-0.697
-0.174
0.154
0.855
-0.003
0.217
0.543
0.74
0.122
-0.38
-0.428
-0.538
-0.799
0.387
-0.027
-0.555
0.615
0.138
0.885
0.521
-0.521
-0.768
-0.919
0.666
0.621
-0.958
-0.418
0.741
0.432
-0.08
-0.524
0.027
-0.655
-0.978
0.51
0.872
-0.782
-0.349
-0.937
-0.239
-0.081
0.264
0.243
-0.176
0.778
-0.227
-0.223
0.817
-0.632
-0.495
-0.207
0.629
0.83
-0.533
-0.901
0.743
-0.435
-0.017
-0.596
0.452
0.884
0.85
0.519
-0.327
0.775
-0.005
0.416
0.389
0.44
-0.233
0.603
0.281
0.26
-0.617
0.825
-0.731
-0.468
0.649
-0.899
0.133
-0.864
-0.125
-0.621
0.401
-0.358
0.873
0.775
0.357
0.281
-0.324
-0.268
0.552
0.195
-0.731
0.773
0.287
-0.85
-0.555
-0.711
-0.867
-0.489
0.38
-0.602
-0.06
-0.924
0.373
-0.191
0.17
-0.625
0.531
0.766
-0.915
0.388
-0.778
-0.767
0.52
-0.79
-0.572
-0.526
-0.643
-0.315
0.662
-0.656
0.933
0.494
-0.371
-0.45
-0.748
-0.81
0.58
0.84
-0.379
-0.391
-0.718
0.152
0.609
-0.578
0.628
-0.676
-0.423
-0.881
0.354
0.09
0.214
-0.742
-0.651
-0.511
-0.018
-0.613
0.715
-0.97
0.1
0.219
-0.798
0.952
0.649
0.348
-0.025
-0.267
0.759
0.789
0.098
0.46
-0.918
-0.147
-0.811
-0.833
0.455
0.615
-0.896
-0.526
-0.937
-0.429
0.022
0.508
0.172
0.161
0.932
0.728
0.349
-0.167
0.039
-0.931
0.08
-0.526
-0.051
-0.179
-0.608
-0.656
-0.778
-0.559
-0.516
0.616
-0.874
-0.059
-0.455
0.786
-0.973
0.642
-0.415
-0.649
0.282
-0.549
-0.643
-0.814
-0.998
-0.798
0.617
-0.759
-0.548
0.775
0.204
0.861
-0.453
-0.818
0.054
0.543
-0.949
0.196
0.584
-0.188
0.228
0.645
-0.459
0.875
0.664
-0.763
-0.58
0.93
0.089
0.082
-0.575
-0.138
0.227
-0.493
0.397
-0.167
-0.975
-0.256
-0.433
0.888
0.729
-0.916
0.409
0.85
0.149
0.948
-0.766
-0.366
-0.28
0.117
-0.545
-0.731
0.32
0.46
-0.024
0.664
-0.578
0.33
-0.587
-0.934
-0.257
-0.706
0.293
0.828
-0.274
-0.947
0.404
0.328
0.773
-0.451
-0.041
0.222
0.161
-0.198
-0.451
-0.616
0.618
-0.873
0.48
0.084
-0.243
-0.652
-0.895
-0.526
0.754
-0.873
0.198
0.163
0.888
0.218
0.7
-0.658
-0.851
-0.583
-0.65
0.282
0.254
-0.595
-0.509
-0.788
0.201
-0.273
0.857
0.174
0.042
0.097
0.25
0.818
0.984
-0.467
0.687
0.423
-0.844
0.025
-0.259
-0.464
-0.103
-0.2
-0.067
0.082
0.217
0.777
-0.138
0.719
-0.399
-0.544
-0.456
-0.566
0.556
-0.923
0.508
-0.737
0.426
0.496
0.911
-0.886
0.889
0.524
-0.735
0.021
-0.258
-0.843
-0.042
-0.081
-0.786
-0.426
0.194
-0.236
0.526
-0.344
-0.496
0.486
0.712
-0.454
0.425
0.54
0.965
0.629
-0.722
-0.247
0.293
-0.647
0.514
-0.702
0.923
0.273
0.437
0.924
-0.82
0.083
-0.59
-0.308
-0.771
0.83
0.322
-0.458
-0.938
0.88
-0.15
0.678
-0.782
0.281
-0.607
-0.434
0.807
0.214
0.887
-0.413
-0.565
0.47
0.362
0.438
-0.803
-0.544
0.265
0.941
0.669
0.244
0.535
0.971
0.369
0.462
-0.2
0.41
0.232
0.731
0.058
-0.257
0.774
0.378
-0.578
0.646
0.103
0.778
-0.755
0.001
-0.531
-0.795
0.795
0.337
0.996
0.365
-0.263
0.845
0.07
0.118
0.974
0.21
0.827
-0.049
0.857
0.111
-0.584
0.994
0.077
-0.453
0.028
-0.795
0.696
0.281
0.518
-0.15
0.702
0.71
-0.818
0.886
-0.981
0.373
0.061
0.842
-0.662
0.186
-0.27
0.758
0.725
0.219
-0.277
-0.228
0.687
-0.147
0.993
-0.006
0.624
-0.198
0.07
0.686
-0.767
-0.429
-0.95
-0.769
0.071
0.623
-0.958
0.896
-0.41
-0.407
0.32
-0.245
0.463
0.17
-0.006
0.932
-0.447
0.45
0.731
-0.628
-0.905
0.289
0.216
-0.687
-0.862
0.901
-0.615
-0.466
-0.1
0.535
-0.779
-0.019
0.549
0.853
-0.524
-0.959
0.982
-0.05
0.6
-0.416
0.985
0.995
-0.25
-0.937
0.503
-0.678
0.032
0.887
-0.771
0.745
-0.274
-0.253
-0.14
0.732
0.352
0.208
-0.227
-0.51
-0.682
-0.53
0.44
0.048
0.831
0.22
0.319
-0.119
0.99
0.233
0.497
-0.461
0.174
0.015
-0.981
0.235
-0.768
-0.304
0.798
0.843
0.836
-0.63
-0.537
0.944
-0.917
-0.197
0.964
-0.623
0.368
0.166
-0.432
0.417
0.78
0.253
-0.689
0.033
0.25
0.386
-0.416
0.638
-0.778
0.924
-0.045
-0.68
-0.803
0.79
-0.75
0.572
0.68
0.412
0.524
-0.473
0.714
-0.728
-0.526
0.342
0.583
-0.337
0.138
0.346
-0.297
0.899
-0.06
-0.128
-0.031
0.405
0.707
-0.505
-0.856
-0.307
-0.429
-0.239
0.792
-0.003
-0.759
-0.912
-0.006
-0.692
-0.782
0.678
-0.74
-0.878
0.458
-0.064
-0.236
0.551
0.376
0.15
-0.668
0.745
0.02
0.082
0.597
-0.988
0.851
-0.623
0.106
-0.053
-0.195
-0.15
0.617
0.83
0.663
0.482
0.423
0.357
-0.43
-0.495
-0.605
-0.473
-0.132
-0.271
0.057
0.378
0.606
-0.641
-0.593
0.769
-0.857
-0.532
-0.965
-0.642
-0.218
-0.483
-0.137
0.009
0.491
0.384
0.365
-0.525
-0.575
0.484
-0.889
-0.088
0.466
0.953
0.566
0.093
0.269
-0.265
0.757
0.297
-0.866
-0.315
0.326
0.393
-0.277
-0.003
-0.649
0.699
-0.173
0.68
-0.167
0.668
-0.792
0.51
-0.371
-0.3
0.003
0.438
-0.204
0.043
-0.927
-0.846
0.305
-0.149
0.346
0.842
-0.042
-0.654
-0.539
-0.977
0.205
-0.539
0.623
-0.39
-0.856
0.468
-0.376
-0.666
0.739
0.508
-0.917
-0.79
-0.098
-0.039
0.413
0.936
0.893
-0.588
-0.34
-0.259
0.063
0.703
-0.86
0.428
-0.709
0.824
0.23
0.59
0.252
0.145
0.717
0.573
0.575
-0.276
0.417
0.739
0.548
0.851
0.516
0.225
0.797
-0.517
-0.089
-0.074
0.198
-0.152
-0.825
0.701
0.506
-0.218
0.63
0.215
-0.573
-0.479
0.307
0.772
0.229
-0.709
0.402
-0.585
-0.955
-0.63
-0.234
-0.416
0.331
0.539
0.821
-0.475
0.138
0.91
-0.028
0.842
0.763
0.74
-0.361
-0.95
0.089
0.445
0.261
-0.673
-0.526
-0.034
0.828
-0.365
-0.782
0.944
0.16
-0.039
0.887
-0.128
-0.4
0.721
0.639
0.192
-0.759
0.593
-0.253
-0.586
0.894
-0.031
-0.513
-0.887
-0.064
0.045
-0.992
0.508
-0.825
-0.635
0.503
0.367
-0.337
0.36
-0.531
0.868
-0.516
0.005
0.926
0.375
0.245
-0.316
0.222
-0.636
0.584
-0.431
-0.235
-0.797
0.337
-0.604
0.213
0.811
0.674
0.951
0.236
-0.283
0.609
-0.499
-0.689
-0.045
-0.471
0.796
-0.005
-0.17
-0.258
-0.297
0.878
0.366
-0.296
-0.877
-0.805
0.654
0.179
-0.69
-0.56
-0.526
-0.146
0.334
-0.515
0.976
0.038
-0.691
0.033
-0.335
0.679
-0.809
0.264
-0.153
-0.863
-0.232
-0.104
-0.276
0.895
-0.238
0.404
-0.82
-0.092
0.268
-0.054
-0.847
0.414
0.094
-0.376
-0.66
-0.6
0.72
0.725
0.229
-0.224
0.442
0.36
-0.356
-0.522
0.708
0.952
0.689
0.415
-0.948
-0.836
0.489
0.39
0.741
0.176
0.531
0.09
0.582
-0.727
-0.288
-0.164
-0.656
0.399
-0.653
-0.002
-0.928
-0.32
0.542
0.881
-0.814
0.179
0.432
-0.994
0.077
-0.706
0.443
0.899
-0.522
-0.787
-0.783
0.952
0.306
-0.898
0.861
0.181
0.815
-0.747
0.776
0.911
-0.95
-0.796
-0.464
0.701
0.735
-0.759
0.986
-0.539
0.745
0.164
0.874
0.16
0.99
-0.855
-0.539
0.092
-0.803
0.375
-0.557
0.787
-0.287
0.25
0.455
-0.199
0.439
0.392
0.555
-0.322
0.461
-0.646
-0.924
-0.415
-0.224
0.145
-0.368
0.903
0.733
0.483
-0.787
0.644
0.414
0.765
0.185
-0.263
-0.972
-0.983
0.461
0.34
0.31
0.314
-0.601
-0.878
0.595
-0.752
-0.696
-0.001
-0.792
0.551
-0.522
0.689
0.386
-0.907
-0.871
-0.221
0.018
0.162
0.21
0.619
0.94
-0.415
0.474
0.159
0.893
0.822
0.028
0.882
-0.084
-0.089
-0.53
0.898
0.408
0.822
-0.739
-0.81
0.165
0.856
0.608
0.911
0.706
-0.137
0.626
0.159
-0.401
0.604
-0.283
0.226
0.493
0.247
0.85
0.332
0.693
0.958
0.324
0.248
-0.201
-0.137
0.115
-0.362
0.207
-0.461
0.64
0.236
0.299
0.443
-0.046
0.639
-0.31
0.684
0.485
-0.05
0.207
0.802
-0.649
0.476
-0.039
-0.882
-0.056
0.59
0.626
-0.226
-0.253
-0.62
-0.861
0.694
-0.938
-0.427
-0.62
0.164
-0.542
0.101
0.491
-0.051
0.357
0.608
0.11
0.205
0.88
0.477
-0.128
-0.161
0.989
-0.964
-0.512
0.944
0.016
-0.588
0.587
0.801
-0.407
-0.158
0.433
0.619
0.44
0.675
0.768
0.556
0.827
-0.835
0.693
-0.95
-0.1
0.153
-0.577
0.211
-0.771
-0.631
0.266
-0.164
0.216
-0.594
-0.685
0.061
-0.065
0.826
0.662
0.2
0.043
0.548
0.344
-0.664
0.672
0.991
-0.399
0.503
0.53
0.267
-0.297
-0.024
-0.602
-0.131
-0.436
0.075
0.177
-0.315
0.447
-0.162
-0.138
0.518
0.303
-0.475
0.153
-0.244
0.191
0.664
0.633
0.519
-0.998
-0.119
-0.516
0.422
0.645
0.98
0.495
0.931
0.154
-0.233
-0.847
-0.748
0.492
0.726
0.476
0.541
0.3
-0.064
0.323
-0.186
0.699
0.433
-0.593
-0.893
0.526
0.355
0.831
-0.601
-0.465
0.078
0.015
0.658
0.911
0.678
-0.755
0.92
0.421
-0.457
-0.448
0.695
0.833
-0.315
-0.287
-0.986
-0.185
0.16
-0.447
0.597
-0.521
-0.088
0.805
0.492
0.238
-0.304
0.584
-0.804
-0.378
-0.867
-0.343
-0.488
0.816
-0.794
0.73
0.763
0.957
0.887
-0.831
-0.619
0.596
0.916
-0.502
-0.281
0.322
0.607
-0.987
-0.996
0.162
0.829
0.779
0.968
-0.971
0.824
-0.636
0.532
-0.927
-0.808
0.951
0.068
-0.918
-0.271
-0.102
-0.383
-0.487
0.794
0.293
0.327
-0.68
0.697
-0.493
0.98
0.466
-0.948
-0.176
-0.463
0.709
0.191
-0.375
0.779
-0.576
0.001
0.854
0.966
-0.867
-0.354
0.23
-0.598
0.532
0.224
0.781
-0.819
-0.132
0.98
-0.536
-0.435
0.967
-0.362
0.049
0.353
0.189
-0.269
0.172
-0.434
0.883
0.067
0.178
-0.791
0.171
-0.464
-0.73
0.547
0.022
0.415
0.09
-0.222
0.297
0.032
-0.988
-0.792
0.813
0.486
-0.805
0.47
0.683
0.054
-0.394
0.657
-0.586
0.854
0.203
0.837
0.97
-0.634
0.81
0.223
0.115
-0.146
-0.146
0.987
-0.07
0.095
0.678
-0.042
0.265
0.875
0.609
-0.25
0.876
0.756
0.981
0.023
-0.382
-0.597
0.065
0.085
-0.327
0.538
-0.499
-0.659
0.623
0.2
0.939
-0.173
-0.763
-0.149
-0.615
-0.667
0.037
-0.416
0.295
0.994
-0.63
0.066
0.228
0.237
0.85
0.933
-0.866
0.753
-0.094
0.205
-0.248
-0.841
-0.409
-0.773
0.535
-0.8
0.119
-0.416
0.166
0.43
0.346
-0.606
-0.724
-0.43
-0.12
-0.643
0.016
0.404
0.038
0.109
0.785
-0.194
-0.577
0.87
-0.462
0.361
0.674
-0.329
-0.537
0.934
0.814
-0.01
0.912
-0.23
-0.532
-0.734
0.071
-0.809
0.371
-0.991
0.243
-0.807
-0.275
0.527
-0.456
-0.817
-0.174
0.85
-0.422
-0.425
-0.052
-0.016
0.706
-0.232
0.646
0.926
-0.03
0.257
-0.261
-0.476
-0.562
-0.424
-0.862
-0.011
-0.626
0.513
-0.184
0.458
-0.825
-0.227
0.892
0.75
-0.791
0.408
0.338
-0.925
-0.283
-0.693
-0.074
-0.83
-0.691
-0.531
-0.083
0.547
0.113
-0.609
-0.608
0.495
0.156
-0.28
-0.958
-0.696
0.636
-0.938
-0.449
0.251
-0.913
-0.732
0.074
-0.67
-0.796
0.099
-0.171
-0.898
-0.502
0.676
0.586
-0.647
-0.521
-0.943
0.645
0.375
0.459
0.721
-0.878
-0.133
-0.446
0.329
-0.883
-0.408
0.957
0.629
0.285
-0.681
-0.718
-0.743
0.025
-0.775
0.822
0.738
-0.163
-0.815
-0.328
0.08
0.499
-0.326
0.341
0.773
0.988
0.118
-0.751
-0.312
-0.352
0.236
-0.34
0.54
0.11
-0.756
0.232
0.257
-0.953
0.672
0.291
-0.879
-0.375
-0.569
-0.881
0.896
-0.815
-0.374
-0.314
0.728
-0.738
-0.973
-0.474
0.888
0.589
0.035
-0.418
0.169
-0.634
0.41
0.584
0.426
-0.274
0.672
0.419
-0.862
-0.68
-0.423
0.78
-0.081
-0.515
-0.852
-0.918
0.511
0.883
0.5
0.381
-0.361
-0.965
0.955
0.165
-0.231
-0.743
0.817
0.054
0.382
0.061
0.478
0.88
-0.703
0.367
0.722
0.607
-0.066
0.857
-0.138
-0.254
-0.217
0.976
0.765
-0.319
0.32
0.55
0.031
-0.676
0.109
-0.999
-0.646
-0.592
0.469
-0.609
-0.304
0.255
0.275
-0.568
-0.897
-0.951
0.964
-0.251
-0.13
-0.659
-0.26
0.479
-0.686
-0.466
-0.804
0.411
0.441
0.345
0.914
0.533
-0.98
-0.569
-0.697
-0.905
0.093
0.726
-0.456
0.135
-0.971
-0.54
0.031
0.017
-0.718
0.877
0.431
-0.182
-0.969
0.32
0.346
0.021
0.343
0.061
-0.529
-0.698
-0.034
-0.198
0.736
0.047
0.441
0.839
0.72
-0.924
0.163
-0.631
-0.141
-0.378
-0.754
0.716
-0.535
-0.208
0.798
-0.051
-0.609
-0.03
-0.046
0.768
0.124
0.738
0.226
-0.542
-0.735
-0.747
0.105
-0.195
-0.261
-0.411
-0.058
-0.561
0.398
0.982
-0.227
0.807
-0.348
-0.03
-0.269
0.256
-0.034
0.193
-0.201
0.294
0.898
-0.805
0.06
0.163
0.711
-0.726
-0.544
0.591
-0.363
-0.221
0.808
-0.021
0.504
-0.851
-0.448
-0.473
-0.678
-0.222
0.511
0.966
0.086
-0.685
-0.265
-0.465
0.905
-0.89
-0.424
-0.675
0.807
-0.782
-0.418
-0.734
0.122
-0.924
0.489
-0.875
-0.355
0.04
0.432
-0.786
-0.845
0.848
0.09
-0.019
0.474
-0.783
-0.318
-0.16
-0.886
-0.108
0.871
-0.834
0.903
0.993
-0.364
-0.59
0.151
0.432
-0.155
-0.292
0.511
0.03
-0.489
0.154
-0.366
0.868
0.432
-0.586
0.259
-0.382
-0.624
-0.522
0.837
0.189
0.434
-0.172
-0.786
0.192
0.447
0.928
-0.619
-0.232
-0.399
-0.978
-0.672
-0.498
-0.588
0.479
0.133
-0.652
0.016
0.087
-0.67
-0.003
-0.828
-0.577
0.477
0.061
0.777
0.746
0.228
-0.062
0.135
-0.544
0.997
0.218
-0.557
0.459
0.807
0.478
-0.38
0.176
-0.715
0.935
0.135
0.531
0.985
0.08
-0.172
-0.913
-0.321
-0.327
-0.213
-0.082
0.663
0.255
0.863
0.794
-0.674
-0.413
0.728
-0.716
-0.601
-0.204
0.934
-0.625
-0.516
0.959
0.295
0.092
0.127
-0.417
0.593
-0.05
0.609
-0.744
-0.783
0.735
0.375
0.818
-0.224
0.193
0.744
0.445
-0.04
-0.85
-0.327
0.85
0.749
0.305
0.764
-0.631
-0.028
0.667
-0.004
-0.064
-0.29
-0.278
0.461
0.333
0.408
-0.207
0.655
-0.298
-0.227
0.008
-0.775
-0.806
0.121
-0.789
-0.849
0.103
-0.081
-0.839
0.632
-0.486
0.236
-0.622
-0.885
-0.246
0.971
-0.486
0.92
0.673
-0.626
0.549
-0.801
0.447
0.12
0.034
-0.424
-0.66
-0.404
-0.646
0.51
-0.163
0.01
0.546
-0.044
-0.2
0.457
-0.282
0.841
0.711
-0.706
0.792
-0.301
-0.275
-0.573
-0.251
-0.996
-0.158
-0.085
0.942
0.951
0.141
0.781
0.417
0.04
-0.396
0.858
-0.221
0.225
0.628
0.829
-0.302
-0.658
-0.361
-0.719
-0.376
-0.262
0.428
0.691
0.02
0.584
0.51
0.829
0.281
0.573
-0.398
-0.126
-0.135
-0.782
-0.495
-0.26
0.987
-0.756
0.858
-0.014
0.461
-0.512
-0.248
0.104
0.996
0.743
0.272
-0.694
0.709
0.124
-0.905
-0.998
-0.685
0.858
-0.033
-0.789
-0.782
-0.958
0.384
-0.822
-0.274
0.141
0.364
-0.925
0.382
0.319
-0.388
0.601
-0.956
0.621
-0.457
-0.047
0.922
0.102
-0.312
0.843
-0.915
0.125
0.108
-0.928
-0.692
0.487
-0.125
0.143
0.129
-0.891
0.812
0.717
-0.651
0.616
-0.328
-0.363
-0.914
-0.505
0.592
0.867
-0.855
0.455
0.091
0.01
0.073
0.292
0.882
0.449
0.249
-0.327
0.672
-0.766
0.315
-0.703
-0.579
-0.172
-0.941
-0.575
0.198
-0.269
-0.909
0.383
-0.797
-0.4
-0.537
-0.105
0.352
-0.483
0.238
-0.504
-0.395
-0.24
-0.183
-0.619
-0.042
0.886
0.774
-0.581
0.638
-0.007
-0.417
-0.907
-0.775
0.774
-0.167
-0.045
-0.949
0.638
-0.616
-0.923
-0.328
-0.56
0.63
0.98
-0.163
0.019
-0.795
0.302
-0.564
0.358
0.224
0.854
-0.762
0.209
-0.736
0.724
0.215
-0.609
0.114
0.512
-0.057
-0.775
0.15
-0.191
0.297
0.884
-0.558
0.712
-0.464
-0.914
-0.223
0.963
-0.256
0.135
0.664
-0.415
-0.907
-0.983
0.806
0.331
-0.419
-0.687
0.08
-0.848
-0.089
-0.58
-0.81
-0.247
-0.645
0.988
-0.047
-0.427
0.372
-0.597
-0.431
-0.699
-0.813
0.368
-0.799
-0.023
0.055
-0.783
-0.879
-0.533
0.607
0.556
0.105
0.302
-0.688
-0.422
-0.504
0.788
-0.743
-0.182
-0.34
-0.714
-0.383
-0.276
-0.191
-0.78
-0.755
-0.115
-0.631
0.665
0.475
-0.327
-0.959
0.932
-0.143
0.058
-0.151
0.71
0.943
0.139
-0.908
0.357
-0.065
0.648
0.388
0.011
0.551
0.494
-0.777
-0.397
-0.951
-0.389
0.423
0.071
0.853
-0.231
0.764
-0.533
-0.054
-0.26
-0.543
0.519
-0.674
0.086
-0.682
-0.469
-0.9
0.265
-0.938
-0.263
0.783
0.834
0.741
0.953
0.238
-0.665
-0.361
-0.847
0.388
-0.183
0.061
0.468
-0.969
-0.463
-0.394
-0.995
0.717
-0.933
-0.011
0.17
0.572
-0.229
0.197
0.602
0.654
-0.118
0.899
-0.227
-0.408
-0.553
-0.891
0.737
-0.148
0.819
0.2
-0.397
0.423
-0.613
-0.357
-0.383
0.239
-0.239
-0.032
-0.969
-0.146
-0.589
-0.865
0.299
-0.516
-0.39
0.839
-0.031
-0.741
0.162
0.065
-0.09
0.992
0.369
-0.375
0.932
-0.308
0.611
0.518
0.232
-0.202
0.629
0.913
-0.482
-0.842
-0.115
0.064
-0.242
-0.362
0.639
0.913
0.759
-0.035
0.743
0.029
-0.971
0.797
0.867
-0.269
-0.378
0.589
-0.157
-0.011
0.707
-0.738
-0.892
0.154
-0.527
-0.418
-0.716
0.429
-0.186
-0.53
0.53
-0.284
0.709
0.421
0.993
0.799
-0.125
-0.265
-0.375
-0.923
-0.888
0.588
-0.691
0.142
0.814
0.009
-0.722
-0.23
-0.431
-0.368
-0.419
-0.162
-0.427
0.509
0.937
0.026
-0.431
0.354
-0.145
-0.548
0.327
0.83
-0.607
0.825
-0.825
0.199
0.398
0.697
0.869
0.712
-0.55
0.871
-0.411
-0.094
0.997
0.47
-0.583
0.248
0.568
0.784
-0.465
0.688
-0.646
0.503
0.848
-0.018
-0.425
0.741
-0.81
0.35
-0.927
-0.121
-0.035
-0.591
0.911
-0.455
-0.632
-0.796
-0.114
0.085
0.909
0.429
0.607
0.458
-0.693
0.435
-0.087
0.812
-0.845
0.94
0.376
-0.908
-0.083
-0.264
-0.66
-0.22
0.462
0.178
0.01
0.378
-0.546
0.354
-0.85
-0.045
-0.839
-0.206
-0.383
0.385
-0.237
-0.72
0.642
0.237
-0.112
0.556
-0.538
0.355
-0.137
-0.432
-0.24
0.188
0.614
-0.494
-0.528
0.261
-0.491
-0.405
-0.668
0.063
-0.259
0.154
-0.528
-0.303
0.306
0.461
-0.829
0.536
-0.895
0.306
-0.411
0.169
-0.343
-0.669
0.167
0.038
0.23
0.584
0.826
0.455
0.966
-0.384
0.855
-0.214
0.829
-0.217
-0.319
0.619
-0.99
0.906
0.278
1
0.702
-0.96
0.867
-0.801
0.842
-0.397
-0.228
-0.426
-0.515
-0.719
0.901
0.741
0.616
-0.008
0.525
-0.399
-0.924
-0.184
0.253
-0.449
0.14
-0.567
0.354
-0.357
0.193
-0.077
-0.716
-0.088
0.096
-0.908
-0.246
0.473
0.949
-0.637
-0.732
0.086
-0.827
-0.833
0.2
-0.787
-0.332
-0.767
-0.975
0.072
-0.81
-0.779
-0.849
-0.36
-0.455
0.795
0.544
0.295
-0.557
-0.176
-0.021
0.095
-0.08
0.115
-0.913
-0.511
0.503
-0.581
-0.146
0.77
-0.189
0.117
0.621
0.483
-0.542
0.178
0.965
-0.381
-0.553
0.239
0.273
0.458
-0.697
0.587
0.914
-0.45
-0.461
-0.993
0.81
0.247
-0.13
-0.557
0.007
-0.737
-0.107
0.634
-0.992
0.071
0.45
0.004
0.14
-0.78
-0.2
0.895
0.131
0.821
-0.719
0.631
0.148
-0.247
-0.474
0.706
-0.923
0.035
0.397
-0.516
-0.159
-0.37
0.434
-0.138
-0.588
0.293
-0.731
0.252
0.682
-0.991
-0.557
0.863
0.998
0.911
0.556
0.653
-0.051
0.544
-0.85
-0.535
-0.5
0.301
0.85
0.883
-0.08
-0.608
0.648
-0.858
0.724
0.893
0.1
-0.172
0.537
0.529
0.488
0.07
0.221
-0.702
0.164
-0.396
0.1
-0.849
-0.038
-0.151
-0.987
-0.249
0.535
0.02
-0.013
0.229
-0.237
-0.329
0.739
-0.805
0.613
-0.89
-0.404
0.948
-0.207
0.528
-0.059
-0.848
-0.415
0.954
-0.104
0.088
0.733
-0.308
0.018
0.979
-0.574
-0.553
-0.428
0.35
0.784
-0.359
-0.315
0.215
0.655
-0.497
0.097
-0.066
0.5
-0.931
-0.935
-0.362
0.841
-0.487
0.445
0.155
0.683
-0.331
-0.078
0.5
-0.234
-0.74
-0.484
-0.256
0.697
-0.038
-0.038
-0.867
0.88
0.314
-0.653
-0.445
-0.593
-0.262
-0.318
-0.104
-0.878
0.805
0.383
0.241
0.441
0.996
0.978
-0.294
0.49
0.772
0.878
-0.848
-0.878
0.414
-0.395
-0.028
-0.761
-0.067
-0.508
0.818
0.913
0.352
0.632
0.224
-0.319
0.645
-0.195
0.759
0.047
0.505
-0.636
-0.139
-0.885
0.527
0.099
-0.772
-0.405
0.681
-0.911
-0.413
-0.404
0.488
-0.697
0.825
-0.417
-0.225
-0.268
-0.513
0.695
0.788
0.72
0.015
-0.839
-0.077
-0.087
-0.913
-0.402
-0.411
-0.213
0.331
-0.444
-0.957
0.386
-0.695
0.362
-0.508
0.366
-0.042
0.83
-0.61
0.707
0.323
-0.648
0.546
-0.855
-0.785
0.315
-0.492
0.339
0.121
-0.613
0.292
-0.035
-0.485
-0.75
-0.591
-0.804
0.127
-0.036
0.641
0.134
-0.355
0.051
-0.567
-0.308
-0.311
0.29
0.472
0.271
-0.159
-0.998
-0.942
0.673
0.792
-0.141
0.716
-0.474
-0.657
-0.077
0.356
-0.33
-0.914
-0.897
-0.404
0.906
0.768
0.659
-0.965
0.092
-0.377
0.035
0.237
-0.334
0.66
-0.36
0.421
-0.75
-0.99
-0.265
0.37
-0.721
-0.85
-0.294
-0.609
-0.582
-0.665
-0.339
0.394
0.797
0.456
0.105
-0.535
0.505
0.94
0.627
-0.262
-0.207
0.885
-0.974
0.066
0.147
0.177
-0.505
-0.847
-0.844
0.097
0.394
0.15
0.005
0.457
-0.54
0.664
-0.855
-0.721
0.5
0.312
-0.164
0.526
-0.181
-0.133
-0.305
-0.909
-0.92
-0.868
0.047
-0.938
0.474
0.813
-0.461
-0.478
-0.56
-0.088
0.603
-0.447
-0.363
0.635
0.189
-0.58
-0.655
-0.825
-0.851
0.085
0.378
0.014
0.331
-0.901
0.476
0.811
0.518
0.228
-0.468
0.216
0.455
0.554
-0.493
0.286
-0.854
-0.835
0.195
0.168
-0.807
-0.491
-0.798
-0.013
-0.815
0.746
0.918
0.982
-0.412
0.18
0.164
-0.286
0.565
-0.844
-0.379
0.893
-0.837
0.074
-0.852
0.769
-0.125
-0.472
-0.134
0.018
-0.017
-0.237
-0.706
0.305
0.529
-0.79
-0.19
0.237
-0.211
0.518
0.033
0.253
-0.134
-0.157
-0.248
0.309
-0.104
-0.169
0.056
-0.919
-0.32
-0.574
-0.242
-0.317
-0.846
0.207
-0.094
0.35
-0.006
0.154
0.13
0.458
0.763
-0.619
-0.311
0.711
0.16
-0.211
-0.783
-0.663
0.905
0.311
0.046
-0.048
0.971
-0.007
0.775
0.279
0.875
-0.079
0.938
-0.035
-0.372
-0.825
0.607
0.957
-0.295
-0.093
-0.204
0.989
0.756
0
0.108
0.184
0.783
-0.331
0.655
-0.445
-0.204
-0.32
0.595
-0.894
-0.847
0.024
0.47
-0.642
0.464
0.435
0.379
0.797
-0.072
0.122
0.305
-0.594
0.296
0.504
0.214
0.521
0.432
-0.923
0.662
0.332
-0.539
0.972
0.286
-0.902
0.288
-0.204
0.502
0.188
0.365
0.077
-0.678
0.784
-0.774
-0.365
-0.367
-0.649
0.52
0.536
0.602
-0.342
-0.548
-0.531
-0.152
-0.744
-0.036
-0.307
0.428
0.068
-0.655
-0.268
0.366
0.726
0.04
-0.148
-0.596
0.02
0.431
-0.655
0.992
0.018
-0.342
0.167
0.591
0.394
-0.27
0.174
0.433
0.043
-0.499
-0.503
0.25
-0.728
0.354
-0.708
-0.788
0.027
0.956
-0.546
0.453
0.853
-0.566
0.831
-0.242
-0.496
-0.763
-0.884
0.975
0.092
-0.876
0.653
0.941
0.268
-0.705
0.435
-0.937
-0.685
-0.115
0.69
-0.764
0.917
0.295
0.096
0.522
0.386
0.612
-0.038
-0.623
0.435
0.407
-0.119
-0.192
0.307
0.451
0.519
0.289
0.562
-0.887
0.757
0.407
-0.677
0.185
0.808
-0.386
0.961
0.191
0.602
0.847
-0.885
0.738
0.392
0.428
-0.458
0.444
-0.836
-0.992
0.38
0.328
0.336
0.2
-0.295
-0.178
-0.185
0.133
-0.959
0.137
0.429
-0.743
-0.636
0.503
-0.668
0.589
-0.68
-0.923
0.64
-0.863
-0.128
-0.02
-0.134
-0.46
0.541
0.953
-0.225
0.547
-0.606
-0.879
-0.34
0.759
-0.586
0.883
-0.449
0.42
0.927
0.02
0.963
-0.843
-0.135
0.507
0.76
-0.609
0.649
0.452
0.342
0.239
-0.81
-0.363
0.537
-0.502
0.49
0.243
-0.82
-0.716
-0.573
-0.651
-0.843
-0.256
0.336
0.048
-0.497
-0.637
-0.295
-0.364
-0.915
-0.813
-0.839
0.665
0.311
-0.377
0.427
-0.711
-0.697
0.699
-0.749
0.287
0.925
-0.047
0.887
0.173
-0.609
-0.947
0.601
0.682
0.646
-0.928
-0.479
-0.591
-0.75
0.371
0.958
0.875
0.608
-0.055
-0.421
0.233
-0.614
-0.557
0.901
0.163
-0.796
0.03
-0.12
0.787
0.174
-0.758
-0.515
0.099
0.932
0.373
0.751
-0.925
-0.465
0.555
0.515
-0.52
-0.086
-0.463
-0.268
-0.338
-0.054
0.332
-0.021
0.482
0.143
0.832
-0.012
0.054
-0.316
0.838
0.102
0.267
0.658
-0.339
0.214
0.946
0.81
0.211
-0.893
0.316
-0.467
-0.69
0.742
-0.877
0.668
0.023
-0.97
-0.964
0.298
-0.565
-0.77
0.124
-0.997
-0.121
0.452
-0.203
-0.093
-0.885
0.964
-0.385
0.839
0.371
-0.086
0.085
0.859
-0.488
-0.888
0.841
-0.469
-0.605
0.389
0.313
0.945
0.18
0.024
0.763
-0.845
0.197
0.997
0.419
0.811
-0.797
0.863
0.151
0.698
0.485
0.57
-0.802
0.604
-0.688
0.605
-0.962
0.475
-0.854
0.632
0.947
0.99
0.434
-0.053
-0.739
0.985
0.335
-0.438
0.931
-0.692
