0.000157079
0.000314157
0.000471232
0.000628302
0.000785366
0.000942422
0.001099469
0.001256505
0.001413528
0.001570538
0.001727532
0.001884509
0.002041468
0.002198406
0.002355323
0.002512216
0.002669084
0.002825927
0.002982741
0.003139526
0.00329628
0.003453001
0.003609689
0.00376634
0.003922955
0.004079531
0.004236066
0.00439256
0.00454901
0.004705416
0.004861775
0.005018086
0.005174347
0.005330558
0.005486716
0.005642819
0.005798867
0.005954858
0.00611079
0.006266662
0.006422472
0.006578218
0.006733899
0.006889515
0.007045062
0.007200539
0.007355946
0.007511279
0.007666539
0.007821723
0.00797683
0.008131858
0.008286806
0.008441672
0.008596455
0.008751153
0.008905765
0.009060288
0.009214722
0.009369066
0.009523317
0.009677473
0.009831535
0.009985499
0.010139365
0.01029313
0.010446795
0.010600355
0.010753812
0.010907162
0.011060405
0.011213538
0.011366561
0.011519471
0.011672268
0.01182495
0.011977515
0.012129962
0.012282289
0.012434494
0.012586577
0.012738536
0.012890369
0.013042075
0.013193652
0.013345099
0.013496415
0.013647597
0.013798644
0.013949555
0.014100329
0.014250963
0.014401457
0.014551808
0.014702016
0.014852079
0.015001995
0.015151763
0.015301382
0.01545085
0.015600165
0.015749326
0.015898332
0.01604718
0.016195871
0.016344401
0.016492771
0.016640977
0.016789019
0.016936896
0.017084605
0.017232146
0.017379517
0.017526716
0.017673742
0.017820594
0.01796727
0.018113768
0.018260088
0.018406228
0.018552186
0.01869796
0.018843551
0.018988955
0.019134172
0.0192792
0.019424037
0.019568683
0.019713136
0.019857395
0.020001457
0.020145322
0.020288988
0.020432454
0.020575718
0.020718779
0.020861636
0.021004286
0.02114673
0.021288965
0.021430989
0.021572802
0.021714402
0.021855788
0.021996958
0.022137912
0.022278646
0.022419161
0.022559454
0.022699525
0.022839372
0.022978993
0.023118388
0.023257554
0.023396491
0.023535197
0.02367367
0.02381191
0.023949915
0.024087684
0.024225215
0.024362506
0.024499558
0.024636367
0.024772933
0.024909255
0.025045331
0.02518116
0.02531674
0.025452071
0.02558715
0.025721977
0.02585655
0.025990867
0.026124928
0.026258731
0.026392276
0.026525559
0.026658581
0.02679134
0.026923834
0.027056063
0.027188024
0.027319717
0.027451141
0.027582294
0.027713174
0.027843781
0.027974113
0.028104169
0.028233948
0.028363447
0.028492667
0.028621606
0.028750263
0.028878635
0.029006723
0.029134524
0.029262038
0.029389263
0.029516197
0.029642841
0.029769192
0.029895249
0.030021011
0.030146477
0.030271645
0.030396515
0.030521084
0.030645353
0.030769319
0.030892981
0.031016338
0.031139389
0.031262133
0.031384568
0.031506694
0.031628508
0.03175001
0.031871199
0.031992074
0.032112633
0.032232874
0.032352798
0.032472402
0.032591686
0.032710648
0.032829288
0.032947603
0.033065593
0.033183257
0.033300593
0.033417601
0.033534279
0.033650626
0.03376664
0.033882322
0.033997669
0.03411268
0.034227355
0.034341692
0.03445569
0.034569348
0.034682665
0.03479564
0.034908271
0.035020558
0.035132498
0.035244093
0.035355339
0.035466236
0.035576784
0.03568698
0.035796824
0.035906315
0.036015451
0.036124232
0.036232657
0.036340723
0.036448431
0.03655578
0.036662767
0.036769393
0.036875656
0.036981555
0.037087089
0.037192256
0.037297057
0.03740149
0.037505553
0.037609247
0.037712569
0.037815519
0.037918096
0.038020298
0.038122126
0.038223577
0.03832465
0.038425346
0.038525662
0.038625598
0.038725153
0.038824326
0.038923115
0.03902152
0.039119541
0.039217175
0.039314422
0.039411281
0.039507751
0.039603831
0.03969952
0.039794817
0.039889722
0.039984233
0.040078349
0.04017207
0.040265394
0.040358321
0.04045085
0.040542979
0.040634708
0.040726036
0.040816963
0.040907486
0.040997605
0.04108732
0.04117663
0.041265533
0.041354029
0.041442116
0.041529795
0.041617064
0.041703922
0.041790368
0.041876402
0.041962023
0.042047229
0.042132021
0.042216396
0.042300355
0.042383897
0.04246702
0.042549724
0.042632008
0.042713872
0.042795313
0.042876333
0.042956929
0.043037101
0.043116849
0.043196171
0.043275067
0.043353535
0.043431576
0.043509188
0.04358637
0.043663123
0.043739444
0.043815334
0.043890791
0.043965816
0.044040406
0.044114561
0.044188282
0.044261566
0.044334413
0.044406822
0.044478794
0.044550326
0.044621419
0.044692071
0.044762282
0.044832052
0.044901379
0.044970263
0.045038703
0.045106698
0.045174248
0.045241353
0.045308011
0.045374221
0.045439984
0.045505299
0.045570164
0.045634579
0.045698545
0.045762059
0.045825121
0.045887731
0.045949889
0.046011592
0.046072842
0.046133637
0.046193977
0.04625386
0.046313288
0.046372258
0.04643077
0.046488824
0.04654642
0.046603556
0.046660232
0.046716447
0.046772202
0.046827494
0.046882325
0.046936693
0.046990598
0.047044038
0.047097015
0.047149527
0.047201573
0.047253154
0.047304268
0.047354915
0.047405095
0.047454807
0.047504051
0.047552826
0.047601131
0.047648967
0.047696333
0.047743227
0.047789651
0.047835603
0.047881082
0.047926089
0.047970624
0.048014684
0.048058271
0.048101384
0.048144021
0.048186184
0.048227871
0.048269082
0.048309817
0.048350074
0.048389855
0.048429158
0.048467983
0.04850633
0.048544198
0.048581587
0.048618496
0.048654926
0.048690875
0.048726344
0.048761331
0.048795838
0.048829863
0.048863406
0.048896467
0.048929045
0.048961141
0.048992753
0.049023881
0.049054526
0.049084686
0.049114363
0.049143554
0.04917226
0.049200481
0.049228217
0.049255466
0.04928223
0.049308507
0.049334297
0.049359601
0.049384417
0.049408746
0.049432587
0.049455941
0.049478806
0.049501183
0.049523071
0.049544471
0.049565382
0.049585803
0.049605735
0.049625178
0.04964413
0.049662593
0.049680566
0.049698048
0.04971504
0.049731541
0.049747551
0.04976307
0.049778098
0.049792635
0.04980668
0.049820234
0.049833296
0.049845867
0.049857945
0.049869531
0.049880625
0.049891227
0.049901336
0.049910953
0.049920078
0.049928709
0.049936848
0.049944494
0.049951647
0.049958307
0.049964474
0.049970147
0.049975328
0.049980015
0.049984209
0.04998791
0.049991118
0.049993832
0.049996052
0.049997779
0.049999013
0.049999753
0.05
0.049999753
0.049999013
0.049997779
0.049996052
0.049993832
0.049991118
0.04998791
0.049984209
0.049980015
0.049975328
0.049970147
0.049964474
0.049958307
0.049951647
0.049944494
0.049936848
0.049928709
0.049920078
0.049910953
0.049901336
0.049891227
0.049880625
0.049869531
0.049857945
0.049845867
0.049833296
0.049820234
0.04980668
0.049792635
0.049778098
0.04976307
0.049747551
0.049731541
0.04971504
0.049698048
0.049680566
0.049662593
0.04964413
0.049625178
0.049605735
0.049585803
0.049565382
0.049544471
0.049523071
0.049501183
0.049478806
0.049455941
0.049432587
0.049408746
0.049384417
0.049359601
0.049334297
0.049308507
0.04928223
0.049255466
0.049228217
0.049200481
0.04917226
0.049143554
0.049114363
0.049084686
0.049054526
0.049023881
0.048992753
0.048961141
0.048929045
0.048896467
0.048863406
0.048829863
0.048795838
0.048761331
0.048726344
0.048690875
0.048654926
0.048618496
0.048581587
0.048544198
0.04850633
0.048467983
0.048429158
0.048389855
0.048350074
0.048309817
0.048269082
0.048227871
0.048186184
0.048144021
0.048101384
0.048058271
0.048014684
0.047970624
0.047926089
0.047881082
0.047835603
0.047789651
0.047743227
0.047696333
0.047648967
0.047601131
0.047552826
0.047504051
0.047454807
0.047405095
0.047354915
0.047304268
0.047253154
0.047201573
0.047149527
0.047097015
0.047044038
0.046990598
0.046936693
0.046882325
0.046827494
0.046772202
0.046716447
0.046660232
0.046603556
0.04654642
0.046488824
0.04643077
0.046372258
0.046313288
0.04625386
0.046193977
0.046133637
0.046072842
0.046011592
0.045949889
0.045887731
0.045825121
0.045762059
0.045698545
0.045634579
0.045570164
0.045505299
0.045439984
0.045374221
0.045308011
0.045241353
0.045174248
0.045106698
0.045038703
0.044970263
0.044901379
0.044832052
0.044762282
0.044692071
0.044621419
0.044550326
0.044478794
0.044406822
0.044334413
0.044261566
0.044188282
0.044114561
0.044040406
0.043965816
0.043890791
0.043815334
0.043739444
0.043663123
0.04358637
0.043509188
0.043431576
0.043353535
0.043275067
0.043196171
0.043116849
0.043037101
0.042956929
0.042876333
0.042795313
0.042713872
0.042632008
0.042549724
0.04246702
0.042383897
0.042300355
0.042216396
0.042132021
0.042047229
0.041962023
0.041876402
0.041790368
0.041703922
0.041617064
0.041529795
0.041442116
0.041354029
0.041265533
0.04117663
0.04108732
0.040997605
0.040907486
0.040816963
0.040726036
0.040634708
0.040542979
0.04045085
0.040358321
0.040265394
0.04017207
0.040078349
0.039984233
0.039889722
0.039794817
0.03969952
0.039603831
0.039507751
0.039411281
0.039314422
0.039217175
0.039119541
0.03902152
0.038923115
0.038824326
0.038725153
0.038625598
0.038525662
0.038425346
0.03832465
0.038223577
0.038122126
0.038020298
0.037918096
0.037815519
0.037712569
0.037609247
0.037505553
0.03740149
0.037297057
0.037192256
0.037087089
0.036981555
0.036875656
0.036769393
0.036662767
0.03655578
0.036448431
0.036340723
0.036232657
0.036124232
0.036015451
0.035906315
0.035796824
0.03568698
0.035576784
0.035466236
0.035355339
0.035244093
0.035132498
0.035020558
0.034908271
0.03479564
0.034682665
0.034569348
0.03445569
0.034341692
0.034227355
0.03411268
0.033997669
0.033882322
0.03376664
0.033650626
0.033534279
0.033417601
0.033300593
0.033183257
0.033065593
0.032947603
0.032829288
0.032710648
0.032591686
0.032472402
0.032352798
0.032232874
0.032112633
0.031992074
0.031871199
0.03175001
0.031628508
0.031506694
0.031384568
0.031262133
0.031139389
0.031016338
0.030892981
0.030769319
0.030645353
0.030521084
0.030396515
0.030271645
0.030146477
0.030021011
0.029895249
0.029769192
0.029642841
0.029516197
0.029389263
0.029262038
0.029134524
0.029006723
0.028878635
0.028750263
0.028621606
0.028492667
0.028363447
0.028233948
0.028104169
0.027974113
0.027843781
0.027713174
0.027582294
0.027451141
0.027319717
0.027188024
0.027056063
0.026923834
0.02679134
0.026658581
0.026525559
0.026392276
0.026258731
0.026124928
0.025990867
0.02585655
0.025721977
0.02558715
0.025452071
0.02531674
0.02518116
0.025045331
0.024909255
0.024772933
0.024636367
0.024499558
0.024362506
0.024225215
0.024087684
0.023949915
0.02381191
0.02367367
0.023535197
0.023396491
0.023257554
0.023118388
0.022978993
0.022839372
0.022699525
0.022559454
0.022419161
0.022278646
0.022137912
0.021996958
0.021855788
0.021714402
0.021572802
0.021430989
0.021288965
0.02114673
0.021004286
0.020861636
0.020718779
0.020575718
0.020432454
0.020288988
0.020145322
0.020001457
0.019857395
0.019713136
0.019568683
0.019424037
0.0192792
0.019134172
0.018988955
0.018843551
0.01869796
0.018552186
0.018406228
0.018260088
0.018113768
0.01796727
0.017820594
0.017673742
0.017526716
0.017379517
0.017232146
0.017084605
0.016936896
0.016789019
0.016640977
0.016492771
0.016344401
0.016195871
0.01604718
0.015898332
0.015749326
0.015600165
0.01545085
0.015301382
0.015151763
0.015001995
0.014852079
0.014702016
0.014551808
0.014401457
0.014250963
0.014100329
0.013949555
0.013798644
0.013647597
0.013496415
0.013345099
0.013193652
0.013042075
0.012890369
0.012738536
0.012586577
0.012434494
0.012282289
0.012129962
0.011977515
0.01182495
0.011672268
0.011519471
0.011366561
0.011213538
0.011060405
0.010907162
0.010753812
0.010600355
0.010446795
0.01029313
0.010139365
0.009985499
0.009831535
0.009677473
0.009523317
0.009369066
0.009214722
0.009060288
0.008905765
0.008751153
0.008596455
0.008441672
0.008286806
0.008131858
0.00797683
0.007821723
0.007666539
0.007511279
0.007355946
0.007200539
0.007045062
0.006889515
0.006733899
0.006578218
0.006422472
0.006266662
0.00611079
0.005954858
0.005798867
0.005642819
0.005486716
0.005330558
0.005174347
0.005018086
0.004861775
0.004705416
0.00454901
0.00439256
0.004236066
0.004079531
0.003922955
0.00376634
0.003609689
0.003453001
0.00329628
0.003139526
0.002982741
0.002825927
0.002669084
0.002512216
0.002355323
0.002198406
0.002041468
0.001884509
0.001727532
0.001570538
0.001413528
0.001256505
0.001099469
0.000942422
0.000785366
0.000628302
0.000471232
0.000314157
0.000157079
6.12574E-18
-0.000157079
-0.000314157
-0.000471232
-0.000628302
-0.000785366
-0.000942422
-0.001099469
-0.001256505
-0.001413528
-0.001570538
-0.001727532
-0.001884509
-0.002041468
-0.002198406
-0.002355323
-0.002512216
-0.002669084
-0.002825927
-0.002982741
-0.003139526
-0.00329628
-0.003453001
-0.003609689
-0.00376634
-0.003922955
-0.004079531
-0.004236066
-0.00439256
-0.00454901
-0.004705416
-0.004861775
-0.005018086
-0.005174347
-0.005330558
-0.005486716
-0.005642819
-0.005798867
-0.005954858
-0.00611079
-0.006266662
-0.006422472
-0.006578218
-0.006733899
-0.006889515
-0.007045062
-0.007200539
-0.007355946
-0.007511279
-0.007666539
-0.007821723
-0.00797683
-0.008131858
-0.008286806
-0.008441672
-0.008596455
-0.008751153
-0.008905765
-0.009060288
-0.009214722
-0.009369066
-0.009523317
-0.009677473
-0.009831535
-0.009985499
-0.010139365
-0.01029313
-0.010446795
-0.010600355
-0.010753812
-0.010907162
-0.011060405
-0.011213538
-0.011366561
-0.011519471
-0.011672268
-0.01182495
-0.011977515
-0.012129962
-0.012282289
-0.012434494
-0.012586577
-0.012738536
-0.012890369
-0.013042075
-0.013193652
-0.013345099
-0.013496415
-0.013647597
-0.013798644
-0.013949555
-0.014100329
-0.014250963
-0.014401457
-0.014551808
-0.014702016
-0.014852079
-0.015001995
-0.015151763
-0.015301382
-0.01545085
-0.015600165
-0.015749326
-0.015898332
-0.01604718
-0.016195871
-0.016344401
-0.016492771
-0.016640977
-0.016789019
-0.016936896
-0.017084605
-0.017232146
-0.017379517
-0.017526716
-0.017673742
-0.017820594
-0.01796727
-0.018113768
-0.018260088
-0.018406228
-0.018552186
-0.01869796
-0.018843551
-0.018988955
-0.019134172
-0.0192792
-0.019424037
-0.019568683
-0.019713136
-0.019857395
-0.020001457
-0.020145322
-0.020288988
-0.020432454
-0.020575718
-0.020718779
-0.020861636
-0.021004286
-0.02114673
-0.021288965
-0.021430989
-0.021572802
-0.021714402
-0.021855788
-0.021996958
-0.022137912
-0.022278646
-0.022419161
-0.022559454
-0.022699525
-0.022839372
-0.022978993
-0.023118388
-0.023257554
-0.023396491
-0.023535197
-0.02367367
-0.02381191
-0.023949915
-0.024087684
-0.024225215
-0.024362506
-0.024499558
-0.024636367
-0.024772933
-0.024909255
-0.025045331
-0.02518116
-0.02531674
-0.025452071
-0.02558715
-0.025721977
-0.02585655
-0.025990867
-0.026124928
-0.026258731
-0.026392276
-0.026525559
-0.026658581
-0.02679134
-0.026923834
-0.027056063
-0.027188024
-0.027319717
-0.027451141
-0.027582294
-0.027713174
-0.027843781
-0.027974113
-0.028104169
-0.028233948
-0.028363447
-0.028492667
-0.028621606
-0.028750263
-0.028878635
-0.029006723
-0.029134524
-0.029262038
-0.029389263
-0.029516197
-0.029642841
-0.029769192
-0.029895249
-0.030021011
-0.030146477
-0.030271645
-0.030396515
-0.030521084
-0.030645353
-0.030769319
-0.030892981
-0.031016338
-0.031139389
-0.031262133
-0.031384568
-0.031506694
-0.031628508
-0.03175001
-0.031871199
-0.031992074
-0.032112633
-0.032232874
-0.032352798
-0.032472402
-0.032591686
-0.032710648
-0.032829288
-0.032947603
-0.033065593
-0.033183257
-0.033300593
-0.033417601
-0.033534279
-0.033650626
-0.03376664
-0.033882322
-0.033997669
-0.03411268
-0.034227355
-0.034341692
-0.03445569
-0.034569348
-0.034682665
-0.03479564
-0.034908271
-0.035020558
-0.035132498
-0.035244093
-0.035355339
-0.035466236
-0.035576784
-0.03568698
-0.035796824
-0.035906315
-0.036015451
-0.036124232
-0.036232657
-0.036340723
-0.036448431
-0.03655578
-0.036662767
-0.036769393
-0.036875656
-0.036981555
-0.037087089
-0.037192256
-0.037297057
-0.03740149
-0.037505553
-0.037609247
-0.037712569
-0.037815519
-0.037918096
-0.038020298
-0.038122126
-0.038223577
-0.03832465
-0.038425346
-0.038525662
-0.038625598
-0.038725153
-0.038824326
-0.038923115
-0.03902152
-0.039119541
-0.039217175
-0.039314422
-0.039411281
-0.039507751
-0.039603831
-0.03969952
-0.039794817
-0.039889722
-0.039984233
-0.040078349
-0.04017207
-0.040265394
-0.040358321
-0.04045085
-0.040542979
-0.040634708
-0.040726036
-0.040816963
-0.040907486
-0.040997605
-0.04108732
-0.04117663
-0.041265533
-0.041354029
-0.041442116
-0.041529795
-0.041617064
-0.041703922
-0.041790368
-0.041876402
-0.041962023
-0.042047229
-0.042132021
-0.042216396
-0.042300355
-0.042383897
-0.04246702
-0.042549724
-0.042632008
-0.042713872
-0.042795313
-0.042876333
-0.042956929
-0.043037101
-0.043116849
-0.043196171
-0.043275067
-0.043353535
-0.043431576
-0.043509188
-0.04358637
-0.043663123
-0.043739444
-0.043815334
-0.043890791
-0.043965816
-0.044040406
-0.044114561
-0.044188282
-0.044261566
-0.044334413
-0.044406822
-0.044478794
-0.044550326
-0.044621419
-0.044692071
-0.044762282
-0.044832052
-0.044901379
-0.044970263
-0.045038703
-0.045106698
-0.045174248
-0.045241353
-0.045308011
-0.045374221
-0.045439984
-0.045505299
-0.045570164
-0.045634579
-0.045698545
-0.045762059
-0.045825121
-0.045887731
-0.045949889
-0.046011592
-0.046072842
-0.046133637
-0.046193977
-0.04625386
-0.046313288
-0.046372258
-0.04643077
-0.046488824
-0.04654642
-0.046603556
-0.046660232
-0.046716447
-0.046772202
-0.046827494
-0.046882325
-0.046936693
-0.046990598
-0.047044038
-0.047097015
-0.047149527
-0.047201573
-0.047253154
-0.047304268
-0.047354915
-0.047405095
-0.047454807
-0.047504051
-0.047552826
-0.047601131
-0.047648967
-0.047696333
-0.047743227
-0.047789651
-0.047835603
-0.047881082
-0.047926089
-0.047970624
-0.048014684
-0.048058271
-0.048101384
-0.048144021
-0.048186184
-0.048227871
-0.048269082
-0.048309817
-0.048350074
-0.048389855
-0.048429158
-0.048467983
-0.04850633
-0.048544198
-0.048581587
-0.048618496
-0.048654926
-0.048690875
-0.048726344
-0.048761331
-0.048795838
-0.048829863
-0.048863406
-0.048896467
-0.048929045
-0.048961141
-0.048992753
-0.049023881
-0.049054526
-0.049084686
-0.049114363
-0.049143554
-0.04917226
-0.049200481
-0.049228217
-0.049255466
-0.04928223
-0.049308507
-0.049334297
-0.049359601
-0.049384417
-0.049408746
-0.049432587
-0.049455941
-0.049478806
-0.049501183
-0.049523071
-0.049544471
-0.049565382
-0.049585803
-0.049605735
-0.049625178
-0.04964413
-0.049662593
-0.049680566
-0.049698048
-0.04971504
-0.049731541
-0.049747551
-0.04976307
-0.049778098
-0.049792635
-0.04980668
-0.049820234
-0.049833296
-0.049845867
-0.049857945
-0.049869531
-0.049880625
-0.049891227
-0.049901336
-0.049910953
-0.049920078
-0.049928709
-0.049936848
-0.049944494
-0.049951647
-0.049958307
-0.049964474
-0.049970147
-0.049975328
-0.049980015
-0.049984209
-0.04998791
-0.049991118
-0.049993832
-0.049996052
-0.049997779
-0.049999013
-0.049999753
-0.05
-0.049999753
-0.049999013
-0.049997779
-0.049996052
-0.049993832
-0.049991118
-0.04998791
-0.049984209
-0.049980015
-0.049975328
-0.049970147
-0.049964474
-0.049958307
-0.049951647
-0.049944494
-0.049936848
-0.049928709
-0.049920078
-0.049910953
-0.049901336
-0.049891227
-0.049880625
-0.049869531
-0.049857945
-0.049845867
-0.049833296
-0.049820234
-0.04980668
-0.049792635
-0.049778098
-0.04976307
-0.049747551
-0.049731541
-0.04971504
-0.049698048
-0.049680566
-0.049662593
-0.04964413
-0.049625178
-0.049605735
-0.049585803
-0.049565382
-0.049544471
-0.049523071
-0.049501183
-0.049478806
-0.049455941
-0.049432587
-0.049408746
-0.049384417
-0.049359601
-0.049334297
-0.049308507
-0.04928223
-0.049255466
-0.049228217
-0.049200481
-0.04917226
-0.049143554
-0.049114363
-0.049084686
-0.049054526
-0.049023881
-0.048992753
-0.048961141
-0.048929045
-0.048896467
-0.048863406
-0.048829863
-0.048795838
-0.048761331
-0.048726344
-0.048690875
-0.048654926
-0.048618496
-0.048581587
-0.048544198
-0.04850633
-0.048467983
-0.048429158
-0.048389855
-0.048350074
-0.048309817
-0.048269082
-0.048227871
-0.048186184
-0.048144021
-0.048101384
-0.048058271
-0.048014684
-0.047970624
-0.047926089
-0.047881082
-0.047835603
-0.047789651
-0.047743227
-0.047696333
-0.047648967
-0.047601131
-0.047552826
-0.047504051
-0.047454807
-0.047405095
-0.047354915
-0.047304268
-0.047253154
-0.047201573
-0.047149527
-0.047097015
-0.047044038
-0.046990598
-0.046936693
-0.046882325
-0.046827494
-0.046772202
-0.046716447
-0.046660232
-0.046603556
-0.04654642
-0.046488824
-0.04643077
-0.046372258
-0.046313288
-0.04625386
-0.046193977
-0.046133637
-0.046072842
-0.046011592
-0.045949889
-0.045887731
-0.045825121
-0.045762059
-0.045698545
-0.045634579
-0.045570164
-0.045505299
-0.045439984
-0.045374221
-0.045308011
-0.045241353
-0.045174248
-0.045106698
-0.045038703
-0.044970263
-0.044901379
-0.044832052
-0.044762282
-0.044692071
-0.044621419
-0.044550326
-0.044478794
-0.044406822
-0.044334413
-0.044261566
-0.044188282
-0.044114561
-0.044040406
-0.043965816
-0.043890791
-0.043815334
-0.043739444
-0.043663123
-0.04358637
-0.043509188
-0.043431576
-0.043353535
-0.043275067
-0.043196171
-0.043116849
-0.043037101
-0.042956929
-0.042876333
-0.042795313
-0.042713872
-0.042632008
-0.042549724
-0.04246702
-0.042383897
-0.042300355
-0.042216396
-0.042132021
-0.042047229
-0.041962023
-0.041876402
-0.041790368
-0.041703922
-0.041617064
-0.041529795
-0.041442116
-0.041354029
-0.041265533
-0.04117663
-0.04108732
-0.040997605
-0.040907486
-0.040816963
-0.040726036
-0.040634708
-0.040542979
-0.04045085
-0.040358321
-0.040265394
-0.04017207
-0.040078349
-0.039984233
-0.039889722
-0.039794817
-0.03969952
-0.039603831
-0.039507751
-0.039411281
-0.039314422
-0.039217175
-0.039119541
-0.03902152
-0.038923115
-0.038824326
-0.038725153
-0.038625598
-0.038525662
-0.038425346
-0.03832465
-0.038223577
-0.038122126
-0.038020298
-0.037918096
-0.037815519
-0.037712569
-0.037609247
-0.037505553
-0.03740149
-0.037297057
-0.037192256
-0.037087089
-0.036981555
-0.036875656
-0.036769393
-0.036662767
-0.03655578
-0.036448431
-0.036340723
-0.036232657
-0.036124232
-0.036015451
-0.035906315
-0.035796824
-0.03568698
-0.035576784
-0.035466236
-0.035355339
-0.035244093
-0.035132498
-0.035020558
-0.034908271
-0.03479564
-0.034682665
-0.034569348
-0.03445569
-0.034341692
-0.034227355
-0.03411268
-0.033997669
-0.033882322
-0.03376664
-0.033650626
-0.033534279
-0.033417601
-0.033300593
-0.033183257
-0.033065593
-0.032947603
-0.032829288
-0.032710648
-0.032591686
-0.032472402
-0.032352798
-0.032232874
-0.032112633
-0.031992074
-0.031871199
-0.03175001
-0.031628508
-0.031506694
-0.031384568
-0.031262133
-0.031139389
-0.031016338
-0.030892981
-0.030769319
-0.030645353
-0.030521084
-0.030396515
-0.030271645
-0.030146477
-0.030021011
-0.029895249
-0.029769192
-0.029642841
-0.029516197
-0.029389263
-0.029262038
-0.029134524
-0.029006723
-0.028878635
-0.028750263
-0.028621606
-0.028492667
-0.028363447
-0.028233948
-0.028104169
-0.027974113
-0.027843781
-0.027713174
-0.027582294
-0.027451141
-0.027319717
-0.027188024
-0.027056063
-0.026923834
-0.02679134
-0.026658581
-0.026525559
-0.026392276
-0.026258731
-0.026124928
-0.025990867
-0.02585655
-0.025721977
-0.02558715
-0.025452071
-0.02531674
-0.02518116
-0.025045331
-0.024909255
-0.024772933
-0.024636367
-0.024499558
-0.024362506
-0.024225215
-0.024087684
-0.023949915
-0.02381191
-0.02367367
-0.023535197
-0.023396491
-0.023257554
-0.023118388
-0.022978993
-0.022839372
-0.022699525
-0.022559454
-0.022419161
-0.022278646
-0.022137912
-0.021996958
-0.021855788
-0.021714402
-0.021572802
-0.021430989
-0.021288965
-0.02114673
-0.021004286
-0.020861636
-0.020718779
-0.020575718
-0.020432454
-0.020288988
-0.020145322
-0.020001457
-0.019857395
-0.019713136
-0.019568683
-0.019424037
-0.0192792
-0.019134172
-0.018988955
-0.018843551
-0.01869796
-0.018552186
-0.018406228
-0.018260088
-0.018113768
-0.01796727
-0.017820594
-0.017673742
-0.017526716
-0.017379517
-0.017232146
-0.017084605
-0.016936896
-0.016789019
-0.016640977
-0.016492771
-0.016344401
-0.016195871
-0.01604718
-0.015898332
-0.015749326
-0.015600165
-0.01545085
-0.015301382
-0.015151763
-0.015001995
-0.014852079
-0.014702016
-0.014551808
-0.014401457
-0.014250963
-0.014100329
-0.013949555
-0.013798644
-0.013647597
-0.013496415
-0.013345099
-0.013193652
-0.013042075
-0.012890369
-0.012738536
-0.012586577
-0.012434494
-0.012282289
-0.012129962
-0.011977515
-0.01182495
-0.011672268
-0.011519471
-0.011366561
-0.011213538
-0.011060405
-0.010907162
-0.010753812
-0.010600355
-0.010446795
-0.01029313
-0.010139365
-0.009985499
-0.009831535
-0.009677473
-0.009523317
-0.009369066
-0.009214722
-0.009060288
-0.008905765
-0.008751153
-0.008596455
-0.008441672
-0.008286806
-0.008131858
-0.00797683
-0.007821723
-0.007666539
-0.007511279
-0.007355946
-0.007200539
-0.007045062
-0.006889515
-0.006733899
-0.006578218
-0.006422472
-0.006266662
-0.00611079
-0.005954858
-0.005798867
-0.005642819
-0.005486716
-0.005330558
-0.005174347
-0.005018086
-0.004861775
-0.004705416
-0.00454901
-0.00439256
-0.004236066
-0.004079531
-0.003922955
-0.00376634
-0.003609689
-0.003453001
-0.00329628
-0.003139526
-0.002982741
-0.002825927
-0.002669084
-0.002512216
-0.002355323
-0.002198406
-0.002041468
-0.001884509
-0.001727532
-0.001570538
-0.001413528
-0.001256505
-0.001099469
-0.000942422
-0.000785366
-0.000628302
-0.000471232
-0.000314157
-0.000157079
-1.22515E-17
