0.050244318
0.100361715
0.150225589
0.199709981
0.248689887
0.297041582
0.344642923
0.391373667
0.437115767
0.481753674
0.52517463
0.567268949
0.607930298
0.647055962
0.684547106
0.720309025
0.754251381
0.786288432
0.816339251
0.844327926
0.870183755
0.893841424
0.915241173
0.934328942
0.951056516
0.965381639
0.977268124
0.986685944
0.993611311
0.998026728
0.999921044
0.999289473
0.996133609
0.990461426
0.982287251
0.971631733
0.958521789
0.942990536
0.925077207
0.904827052
0.882291226
0.857526656
0.830595899
0.801566985
0.770513243
0.737513117
0.70264997
0.666011867
0.627691361
0.587785252
0.546394347
0.503623202
0.459579861
0.414375581
0.368124553
0.32094361
0.272951936
0.224270761
0.175023059
0.125333234
0.075326806
0.025130095
-0.025130095
-0.075326806
-0.125333234
-0.175023059
-0.224270761
-0.272951936
-0.32094361
-0.368124553
-0.414375581
-0.459579861
-0.503623202
-0.546394347
-0.587785252
-0.627691361
-0.666011867
-0.70264997
-0.737513117
-0.770513243
-0.801566985
-0.830595899
-0.857526656
-0.882291226
-0.904827052
-0.925077207
-0.942990536
-0.958521789
-0.971631733
-0.982287251
-0.990461426
-0.996133609
-0.999289473
-0.999921044
-0.998026728
-0.993611311
-0.986685944
-0.977268124
-0.965381639
-0.951056516
-0.934328942
-0.915241173
-0.893841424
-0.870183755
-0.844327926
-0.816339251
-0.786288432
-0.754251381
-0.720309025
-0.684547106
-0.647055962
-0.607930298
-0.567268949
-0.52517463
-0.481753674
-0.437115767
-0.391373667
-0.344642923
-0.297041582
-0.248689887
-0.199709981
-0.150225589
-0.100361715
-0.050244318
-2.4503E-16
0.050244318
0.100361715
0.150225589
0.199709981
0.248689887
0.297041582
0.344642923
0.391373667
0.437115767
0.481753674
0.52517463
0.567268949
0.607930298
0.647055962
0.684547106
0.720309025
0.754251381
0.786288432
0.816339251
0.844327926
0.870183755
0.893841424
0.915241173
0.934328942
0.951056516
0.965381639
0.977268124
0.986685944
0.993611311
0.998026728
0.999921044
0.999289473
0.996133609
0.990461426
0.982287251
0.971631733
0.958521789
0.942990536
0.925077207
0.904827052
0.882291226
0.857526656
0.830595899
0.801566985
0.770513243
0.737513117
0.70264997
0.666011867
0.627691361
0.587785252
0.546394347
0.503623202
0.459579861
0.414375581
0.368124553
0.32094361
0.272951936
0.224270761
0.175023059
0.125333234
0.075326806
0.025130095
-0.025130095
-0.075326806
-0.125333234
-0.175023059
-0.224270761
-0.272951936
-0.32094361
-0.368124553
-0.414375581
-0.459579861
-0.503623202
-0.546394347
-0.587785252
-0.627691361
-0.666011867
-0.70264997
-0.737513117
-0.770513243
-0.801566985
-0.830595899
-0.857526656
-0.882291226
-0.904827052
-0.925077207
-0.942990536
-0.958521789
-0.971631733
-0.982287251
-0.990461426
-0.996133609
-0.999289473
-0.999921044
-0.998026728
-0.993611311
-0.986685944
-0.977268124
-0.965381639
-0.951056516
-0.934328942
-0.915241173
-0.893841424
-0.870183755
-0.844327926
-0.816339251
-0.786288432
-0.754251381
-0.720309025
-0.684547106
-0.647055962
-0.607930298
-0.567268949
-0.52517463
-0.481753674
-0.437115767
-0.391373667
-0.344642923
-0.297041582
-0.248689887
-0.199709981
-0.150225589
-0.100361715
-0.050244318
-4.90059E-16
0.050244318
0.100361715
0.150225589
0.199709981
0.248689887
0.297041582
0.344642923
0.391373667
0.437115767
0.481753674
0.52517463
0.567268949
0.607930298
0.647055962
0.684547106
0.720309025
0.754251381
0.786288432
0.816339251
0.844327926
0.870183755
0.893841424
0.915241173
0.934328942
0.951056516
0.965381639
0.977268124
0.986685944
0.993611311
0.998026728
0.999921044
0.999289473
0.996133609
0.990461426
0.982287251
0.971631733
0.958521789
0.942990536
0.925077207
0.904827052
0.882291226
0.857526656
0.830595899
0.801566985
0.770513243
0.737513117
0.70264997
0.666011867
0.627691361
0.587785252
0.546394347
0.503623202
0.459579861
0.414375581
0.368124553
0.32094361
0.272951936
0.224270761
0.175023059
0.125333234
0.075326806
0.025130095
-0.025130095
-0.075326806
-0.125333234
-0.175023059
-0.224270761
-0.272951936
-0.32094361
-0.368124553
-0.414375581
-0.459579861
-0.503623202
-0.546394347
-0.587785252
-0.627691361
-0.666011867
-0.70264997
-0.737513117
-0.770513243
-0.801566985
-0.830595899
-0.857526656
-0.882291226
-0.904827052
-0.925077207
-0.942990536
-0.958521789
-0.971631733
-0.982287251
-0.990461426
-0.996133609
-0.999289473
-0.999921044
-0.998026728
-0.993611311
-0.986685944
-0.977268124
-0.965381639
-0.951056516
-0.934328942
-0.915241173
-0.893841424
-0.870183755
-0.844327926
-0.816339251
-0.786288432
-0.754251381
-0.720309025
-0.684547106
-0.647055962
-0.607930298
-0.567268949
-0.52517463
-0.481753674
-0.437115767
-0.391373667
-0.344642923
-0.297041582
-0.248689887
-0.199709981
-0.150225589
-0.100361715
-0.050244318
-7.35089E-16
0.050244318
0.100361715
0.150225589
0.199709981
0.248689887
0.297041582
0.344642923
0.391373667
0.437115767
0.481753674
0.52517463
0.567268949
0.607930298
0.647055962
0.684547106
0.720309025
0.754251381
0.786288432
0.816339251
0.844327926
0.870183755
0.893841424
0.915241173
0.934328942
0.951056516
0.965381639
0.977268124
0.986685944
0.993611311
0.998026728
0.999921044
0.999289473
0.996133609
0.990461426
0.982287251
0.971631733
0.958521789
0.942990536
0.925077207
0.904827052
0.882291226
0.857526656
0.830595899
0.801566985
0.770513243
0.737513117
0.70264997
0.666011867
0.627691361
0.587785252
0.546394347
0.503623202
0.459579861
0.414375581
0.368124553
0.32094361
0.272951936
0.224270761
0.175023059
0.125333234
0.075326806
0.025130095
-0.025130095
-0.075326806
-0.125333234
-0.175023059
-0.224270761
-0.272951936
-0.32094361
-0.368124553
-0.414375581
-0.459579861
-0.503623202
-0.546394347
-0.587785252
-0.627691361
-0.666011867
-0.70264997
-0.737513117
-0.770513243
-0.801566985
-0.830595899
-0.857526656
-0.882291226
-0.904827052
-0.925077207
-0.942990536
-0.958521789
-0.971631733
-0.982287251
-0.990461426
-0.996133609
-0.999289473
-0.999921044
-0.998026728
-0.993611311
-0.986685944
-0.977268124
-0.965381639
-0.951056516
-0.934328942
-0.915241173
-0.893841424
-0.870183755
-0.844327926
-0.816339251
-0.786288432
-0.754251381
-0.720309025
-0.684547106
-0.647055962
-0.607930298
-0.567268949
-0.52517463
-0.481753674
-0.437115767
-0.391373667
-0.344642923
-0.297041582
-0.248689887
-0.199709981
-0.150225589
-0.100361715
-0.050244318
-9.80119E-16
0.050244318
0.100361715
0.150225589
0.199709981
0.248689887
0.297041582
0.344642923
0.391373667
0.437115767
0.481753674
0.52517463
0.567268949
0.607930298
0.647055962
0.684547106
0.720309025
0.754251381
0.786288432
0.816339251
0.844327926
0.870183755
0.893841424
0.915241173
0.934328942
0.951056516
0.965381639
0.977268124
0.986685944
0.993611311
0.998026728
0.999921044
0.999289473
0.996133609
0.990461426
0.982287251
0.971631733
0.958521789
0.942990536
0.925077207
0.904827052
0.882291226
0.857526656
0.830595899
0.801566985
0.770513243
0.737513117
0.70264997
0.666011867
0.627691361
0.587785252
0.546394347
0.503623202
0.459579861
0.414375581
0.368124553
0.32094361
0.272951936
0.224270761
0.175023059
0.125333234
0.075326806
0.025130095
-0.025130095
-0.075326806
-0.125333234
-0.175023059
-0.224270761
-0.272951936
-0.32094361
-0.368124553
-0.414375581
-0.459579861
-0.503623202
-0.546394347
-0.587785252
-0.627691361
-0.666011867
-0.70264997
-0.737513117
-0.770513243
-0.801566985
-0.830595899
-0.857526656
-0.882291226
-0.904827052
-0.925077207
-0.942990536
-0.958521789
-0.971631733
-0.982287251
-0.990461426
-0.996133609
-0.999289473
-0.999921044
-0.998026728
-0.993611311
-0.986685944
-0.977268124
-0.965381639
-0.951056516
-0.934328942
-0.915241173
-0.893841424
-0.870183755
-0.844327926
-0.816339251
-0.786288432
-0.754251381
-0.720309025
-0.684547106
-0.647055962
-0.607930298
-0.567268949
-0.52517463
-0.481753674
-0.437115767
-0.391373667
-0.344642923
-0.297041582
-0.248689887
-0.199709981
-0.150225589
-0.100361715
-0.050244318
-1.22515E-15
0.050244318
0.100361715
0.150225589
0.199709981
0.248689887
0.297041582
0.344642923
0.391373667
0.437115767
0.481753674
0.52517463
0.567268949
0.607930298
0.647055962
0.684547106
0.720309025
0.754251381
0.786288432
0.816339251
0.844327926
0.870183755
0.893841424
0.915241173
0.934328942
0.951056516
0.965381639
0.977268124
0.986685944
0.993611311
0.998026728
0.999921044
0.999289473
0.996133609
0.990461426
0.982287251
0.971631733
0.958521789
0.942990536
0.925077207
0.904827052
0.882291226
0.857526656
0.830595899
0.801566985
0.770513243
0.737513117
0.70264997
0.666011867
0.627691361
0.587785252
0.546394347
0.503623202
0.459579861
0.414375581
0.368124553
0.32094361
0.272951936
0.224270761
0.175023059
0.125333234
0.075326806
0.025130095
-0.025130095
-0.075326806
-0.125333234
-0.175023059
-0.224270761
-0.272951936
-0.32094361
-0.368124553
-0.414375581
-0.459579861
-0.503623202
-0.546394347
-0.587785252
-0.627691361
-0.666011867
-0.70264997
-0.737513117
-0.770513243
-0.801566985
-0.830595899
-0.857526656
-0.882291226
-0.904827052
-0.925077207
-0.942990536
-0.958521789
-0.971631733
-0.982287251
-0.990461426
-0.996133609
-0.999289473
-0.999921044
-0.998026728
-0.993611311
-0.986685944
-0.977268124
-0.965381639
-0.951056516
-0.934328942
-0.915241173
-0.893841424
-0.870183755
-0.844327926
-0.816339251
-0.786288432
-0.754251381
-0.720309025
-0.684547106
-0.647055962
-0.607930298
-0.567268949
-0.52517463
-0.481753674
-0.437115767
-0.391373667
-0.344642923
-0.297041582
-0.248689887
-0.199709981
-0.150225589
-0.100361715
-0.050244318
-1.47018E-15
0.050244318
0.100361715
0.150225589
0.199709981
0.248689887
0.297041582
0.344642923
0.391373667
0.437115767
0.481753674
0.52517463
0.567268949
0.607930298
0.647055962
0.684547106
0.720309025
0.754251381
0.786288432
0.816339251
0.844327926
0.870183755
0.893841424
0.915241173
0.934328942
0.951056516
0.965381639
0.977268124
0.986685944
0.993611311
0.998026728
0.999921044
0.999289473
0.996133609
0.990461426
0.982287251
0.971631733
0.958521789
0.942990536
0.925077207
0.904827052
0.882291226
0.857526656
0.830595899
0.801566985
0.770513243
0.737513117
0.70264997
0.666011867
0.627691361
0.587785252
0.546394347
0.503623202
0.459579861
0.414375581
0.368124553
0.32094361
0.272951936
0.224270761
0.175023059
0.125333234
0.075326806
0.025130095
-0.025130095
-0.075326806
-0.125333234
-0.175023059
-0.224270761
-0.272951936
-0.32094361
-0.368124553
-0.414375581
-0.459579861
-0.503623202
-0.546394347
-0.587785252
-0.627691361
-0.666011867
-0.70264997
-0.737513117
-0.770513243
-0.801566985
-0.830595899
-0.857526656
-0.882291226
-0.904827052
-0.925077207
-0.942990536
-0.958521789
-0.971631733
-0.982287251
-0.990461426
-0.996133609
-0.999289473
-0.999921044
-0.998026728
-0.993611311
-0.986685944
-0.977268124
-0.965381639
-0.951056516
-0.934328942
-0.915241173
-0.893841424
-0.870183755
-0.844327926
-0.816339251
-0.786288432
-0.754251381
-0.720309025
-0.684547106
-0.647055962
-0.607930298
-0.567268949
-0.52517463
-0.481753674
-0.437115767
-0.391373667
-0.344642923
-0.297041582
-0.248689887
-0.199709981
-0.150225589
-0.100361715
-0.050244318
-1.71521E-15
0.050244318
0.100361715
0.150225589
0.199709981
0.248689887
0.297041582
0.344642923
0.391373667
0.437115767
0.481753674
0.52517463
0.567268949
0.607930298
0.647055962
0.684547106
0.720309025
0.754251381
0.786288432
0.816339251
0.844327926
0.870183755
0.893841424
0.915241173
0.934328942
0.951056516
0.965381639
0.977268124
0.986685944
0.993611311
0.998026728
0.999921044
0.999289473
0.996133609
0.990461426
0.982287251
0.971631733
0.958521789
0.942990536
0.925077207
0.904827052
0.882291226
0.857526656
0.830595899
0.801566985
0.770513243
0.737513117
0.70264997
0.666011867
0.627691361
0.587785252
0.546394347
0.503623202
0.459579861
0.414375581
0.368124553
0.32094361
0.272951936
0.224270761
0.175023059
0.125333234
0.075326806
0.025130095
-0.025130095
-0.075326806
-0.125333234
-0.175023059
-0.224270761
-0.272951936
-0.32094361
-0.368124553
-0.414375581
-0.459579861
-0.503623202
-0.546394347
-0.587785252
-0.627691361
-0.666011867
-0.70264997
-0.737513117
-0.770513243
-0.801566985
-0.830595899
-0.857526656
-0.882291226
-0.904827052
-0.925077207
-0.942990536
-0.958521789
-0.971631733
-0.982287251
-0.990461426
-0.996133609
-0.999289473
-0.999921044
-0.998026728
-0.993611311
-0.986685944
-0.977268124
-0.965381639
-0.951056516
-0.934328942
-0.915241173
-0.893841424
-0.870183755
-0.844327926
-0.816339251
-0.786288432
-0.754251381
-0.720309025
-0.684547106
-0.647055962
-0.607930298
-0.567268949
-0.52517463
-0.481753674
-0.437115767
-0.391373667
-0.344642923
-0.297041582
-0.248689887
-0.199709981
-0.150225589
-0.100361715
-0.050244318
-1.96024E-15
0.050244318
0.100361715
0.150225589
0.199709981
0.248689887
0.297041582
0.344642923
0.391373667
0.437115767
0.481753674
0.52517463
0.567268949
0.607930298
0.647055962
0.684547106
0.720309025
0.754251381
0.786288432
0.816339251
0.844327926
0.870183755
0.893841424
0.915241173
0.934328942
0.951056516
0.965381639
0.977268124
0.986685944
0.993611311
0.998026728
0.999921044
0.999289473
0.996133609
0.990461426
0.982287251
0.971631733
0.958521789
0.942990536
0.925077207
0.904827052
0.882291226
0.857526656
0.830595899
0.801566985
0.770513243
0.737513117
0.70264997
0.666011867
0.627691361
0.587785252
0.546394347
0.503623202
0.459579861
0.414375581
0.368124553
0.32094361
0.272951936
0.224270761
0.175023059
0.125333234
0.075326806
0.025130095
-0.025130095
-0.075326806
-0.125333234
-0.175023059
-0.224270761
-0.272951936
-0.32094361
-0.368124553
-0.414375581
-0.459579861
-0.503623202
-0.546394347
-0.587785252
-0.627691361
-0.666011867
-0.70264997
-0.737513117
-0.770513243
-0.801566985
-0.830595899
-0.857526656
-0.882291226
-0.904827052
-0.925077207
-0.942990536
-0.958521789
-0.971631733
-0.982287251
-0.990461426
-0.996133609
-0.999289473
-0.999921044
-0.998026728
-0.993611311
-0.986685944
-0.977268124
-0.965381639
-0.951056516
-0.934328942
-0.915241173
-0.893841424
-0.870183755
-0.844327926
-0.816339251
-0.786288432
-0.754251381
-0.720309025
-0.684547106
-0.647055962
-0.607930298
-0.567268949
-0.52517463
-0.481753674
-0.437115767
-0.391373667
-0.344642923
-0.297041582
-0.248689887
-0.199709981
-0.150225589
-0.100361715
-0.050244318
-2.20527E-15
0.050244318
0.100361715
0.150225589
0.199709981
0.248689887
0.297041582
0.344642923
0.391373667
0.437115767
0.481753674
0.52517463
0.567268949
0.607930298
0.647055962
0.684547106
0.720309025
0.754251381
0.786288432
0.816339251
0.844327926
0.870183755
0.893841424
0.915241173
0.934328942
0.951056516
0.965381639
0.977268124
0.986685944
0.993611311
0.998026728
0.999921044
0.999289473
0.996133609
0.990461426
0.982287251
0.971631733
0.958521789
0.942990536
0.925077207
0.904827052
0.882291226
0.857526656
0.830595899
0.801566985
0.770513243
0.737513117
0.70264997
0.666011867
0.627691361
0.587785252
0.546394347
0.503623202
0.459579861
0.414375581
0.368124553
0.32094361
0.272951936
0.224270761
0.175023059
0.125333234
0.075326806
0.025130095
-0.025130095
-0.075326806
-0.125333234
-0.175023059
-0.224270761
-0.272951936
-0.32094361
-0.368124553
-0.414375581
-0.459579861
-0.503623202
-0.546394347
-0.587785252
-0.627691361
-0.666011867
-0.70264997
-0.737513117
-0.770513243
-0.801566985
-0.830595899
-0.857526656
-0.882291226
-0.904827052
-0.925077207
-0.942990536
-0.958521789
-0.971631733
-0.982287251
-0.990461426
-0.996133609
-0.999289473
-0.999921044
-0.998026728
-0.993611311
-0.986685944
-0.977268124
-0.965381639
-0.951056516
-0.934328942
-0.915241173
-0.893841424
-0.870183755
-0.844327926
-0.816339251
-0.786288432
-0.754251381
-0.720309025
-0.684547106
-0.647055962
-0.607930298
-0.567268949
-0.52517463
-0.481753674
-0.437115767
-0.391373667
-0.344642923
-0.297041582
-0.248689887
-0.199709981
-0.150225589
-0.100361715
-0.050244318
-2.4503E-15
0.050244318
0.100361715
0.150225589
0.199709981
0.248689887
0.297041582
0.344642923
0.391373667
0.437115767
0.481753674
0.52517463
0.567268949
0.607930298
0.647055962
0.684547106
0.720309025
0.754251381
0.786288432
0.816339251
0.844327926
0.870183755
0.893841424
0.915241173
0.934328942
0.951056516
0.965381639
0.977268124
0.986685944
0.993611311
0.998026728
0.999921044
0.999289473
0.996133609
0.990461426
0.982287251
0.971631733
0.958521789
0.942990536
0.925077207
0.904827052
0.882291226
0.857526656
0.830595899
0.801566985
0.770513243
0.737513117
0.70264997
0.666011867
0.627691361
0.587785252
0.546394347
0.503623202
0.459579861
0.414375581
0.368124553
0.32094361
0.272951936
0.224270761
0.175023059
0.125333234
0.075326806
0.025130095
-0.025130095
-0.075326806
-0.125333234
-0.175023059
-0.224270761
-0.272951936
-0.32094361
-0.368124553
-0.414375581
-0.459579861
-0.503623202
-0.546394347
-0.587785252
-0.627691361
-0.666011867
-0.70264997
-0.737513117
-0.770513243
-0.801566985
-0.830595899
-0.857526656
-0.882291226
-0.904827052
-0.925077207
-0.942990536
-0.958521789
-0.971631733
-0.982287251
-0.990461426
-0.996133609
-0.999289473
-0.999921044
-0.998026728
-0.993611311
-0.986685944
-0.977268124
-0.965381639
-0.951056516
-0.934328942
-0.915241173
-0.893841424
-0.870183755
-0.844327926
-0.816339251
-0.786288432
-0.754251381
-0.720309025
-0.684547106
-0.647055962
-0.607930298
-0.567268949
-0.52517463
-0.481753674
-0.437115767
-0.391373667
-0.344642923
-0.297041582
-0.248689887
-0.199709981
-0.150225589
-0.100361715
-0.050244318
-9.80075E-15
0.050244318
0.100361715
0.150225589
0.199709981
0.248689887
0.297041582
0.344642923
0.391373667
0.437115767
0.481753674
0.52517463
0.567268949
0.607930298
0.647055962
0.684547106
0.720309025
0.754251381
0.786288432
0.816339251
0.844327926
0.870183755
0.893841424
0.915241173
0.934328942
0.951056516
0.965381639
0.977268124
0.986685944
0.993611311
0.998026728
0.999921044
0.999289473
0.996133609
0.990461426
0.982287251
0.971631733
0.958521789
0.942990536
0.925077207
0.904827052
0.882291226
0.857526656
0.830595899
0.801566985
0.770513243
0.737513117
0.70264997
0.666011867
0.627691361
0.587785252
0.546394347
0.503623202
0.459579861
0.414375581
0.368124553
0.32094361
0.272951936
0.224270761
0.175023059
0.125333234
0.075326806
0.025130095
-0.025130095
-0.075326806
-0.125333234
-0.175023059
-0.224270761
-0.272951936
-0.32094361
-0.368124553
-0.414375581
-0.459579861
-0.503623202
-0.546394347
-0.587785252
-0.627691361
-0.666011867
-0.70264997
-0.737513117
-0.770513243
-0.801566985
-0.830595899
-0.857526656
-0.882291226
-0.904827052
-0.925077207
-0.942990536
-0.958521789
-0.971631733
-0.982287251
-0.990461426
-0.996133609
-0.999289473
-0.999921044
-0.998026728
-0.993611311
-0.986685944
-0.977268124
-0.965381639
-0.951056516
-0.934328942
-0.915241173
-0.893841424
-0.870183755
-0.844327926
-0.816339251
-0.786288432
-0.754251381
-0.720309025
-0.684547106
-0.647055962
-0.607930298
-0.567268949
-0.52517463
-0.481753674
-0.437115767
-0.391373667
-0.344642923
-0.297041582
-0.248689887
-0.199709981
-0.150225589
-0.100361715
-0.050244318
-2.94036E-15
0.050244318
0.100361715
0.150225589
0.199709981
0.248689887
0.297041582
0.344642923
0.391373667
0.437115767
0.481753674
0.52517463
0.567268949
0.607930298
0.647055962
0.684547106
0.720309025
0.754251381
0.786288432
0.816339251
0.844327926
0.870183755
0.893841424
0.915241173
0.934328942
0.951056516
0.965381639
0.977268124
0.986685944
0.993611311
0.998026728
0.999921044
0.999289473
0.996133609
0.990461426
0.982287251
0.971631733
0.958521789
0.942990536
0.925077207
0.904827052
0.882291226
0.857526656
0.830595899
0.801566985
0.770513243
0.737513117
0.70264997
0.666011867
0.627691361
0.587785252
0.546394347
0.503623202
0.459579861
0.414375581
0.368124553
0.32094361
0.272951936
0.224270761
0.175023059
0.125333234
0.075326806
0.025130095
-0.025130095
-0.075326806
-0.125333234
-0.175023059
-0.224270761
-0.272951936
-0.32094361
-0.368124553
-0.414375581
-0.459579861
-0.503623202
-0.546394347
-0.587785252
-0.627691361
-0.666011867
-0.70264997
-0.737513117
-0.770513243
-0.801566985
-0.830595899
-0.857526656
-0.882291226
-0.904827052
-0.925077207
-0.942990536
-0.958521789
-0.971631733
-0.982287251
-0.990461426
-0.996133609
-0.999289473
-0.999921044
-0.998026728
-0.993611311
-0.986685944
-0.977268124
-0.965381639
-0.951056516
-0.934328942
-0.915241173
-0.893841424
-0.870183755
-0.844327926
-0.816339251
-0.786288432
-0.754251381
-0.720309025
-0.684547106
-0.647055962
-0.607930298
-0.567268949
-0.52517463
-0.481753674
-0.437115767
-0.391373667
-0.344642923
-0.297041582
-0.248689887
-0.199709981
-0.150225589
-0.100361715
-0.050244318
3.92004E-15
0.050244318
0.100361715
0.150225589
0.199709981
0.248689887
0.297041582
0.344642923
0.391373667
0.437115767
0.481753674
0.52517463
0.567268949
0.607930298
0.647055962
0.684547106
0.720309025
0.754251381
0.786288432
0.816339251
0.844327926
0.870183755
0.893841424
0.915241173
0.934328942
0.951056516
0.965381639
0.977268124
0.986685944
0.993611311
0.998026728
0.999921044
0.999289473
0.996133609
0.990461426
0.982287251
0.971631733
0.958521789
0.942990536
0.925077207
0.904827052
0.882291226
0.857526656
0.830595899
0.801566985
0.770513243
0.737513117
0.70264997
0.666011867
0.627691361
0.587785252
0.546394347
0.503623202
0.459579861
0.414375581
0.368124553
0.32094361
0.272951936
0.224270761
0.175023059
0.125333234
0.075326806
0.025130095
-0.025130095
-0.075326806
-0.125333234
-0.175023059
-0.224270761
-0.272951936
-0.32094361
-0.368124553
-0.414375581
-0.459579861
-0.503623202
-0.546394347
-0.587785252
-0.627691361
-0.666011867
-0.70264997
-0.737513117
-0.770513243
-0.801566985
-0.830595899
-0.857526656
-0.882291226
-0.904827052
-0.925077207
-0.942990536
-0.958521789
-0.971631733
-0.982287251
-0.990461426
-0.996133609
-0.999289473
-0.999921044
-0.998026728
-0.993611311
-0.986685944
-0.977268124
-0.965381639
-0.951056516
-0.934328942
-0.915241173
-0.893841424
-0.870183755
-0.844327926
-0.816339251
-0.786288432
-0.754251381
-0.720309025
-0.684547106
-0.647055962
-0.607930298
-0.567268949
-0.52517463
-0.481753674
-0.437115767
-0.391373667
-0.344642923
-0.297041582
-0.248689887
-0.199709981
-0.150225589
-0.100361715
-0.050244318
-3.43042E-15
0.050244318
0.100361715
0.150225589
0.199709981
0.248689887
0.297041582
0.344642923
0.391373667
0.437115767
0.481753674
0.52517463
0.567268949
0.607930298
0.647055962
0.684547106
0.720309025
0.754251381
0.786288432
0.816339251
0.844327926
0.870183755
0.893841424
0.915241173
0.934328942
0.951056516
0.965381639
0.977268124
0.986685944
0.993611311
0.998026728
0.999921044
0.999289473
0.996133609
0.990461426
0.982287251
0.971631733
0.958521789
0.942990536
0.925077207
0.904827052
0.882291226
0.857526656
0.830595899
0.801566985
0.770513243
0.737513117
0.70264997
0.666011867
0.627691361
0.587785252
0.546394347
0.503623202
0.459579861
0.414375581
0.368124553
0.32094361
0.272951936
0.224270761
0.175023059
0.125333234
0.075326806
0.025130095
-0.025130095
-0.075326806
-0.125333234
-0.175023059
-0.224270761
-0.272951936
-0.32094361
-0.368124553
-0.414375581
-0.459579861
-0.503623202
-0.546394347
-0.587785252
-0.627691361
-0.666011867
-0.70264997
-0.737513117
-0.770513243
-0.801566985
-0.830595899
-0.857526656
-0.882291226
-0.904827052
-0.925077207
-0.942990536
-0.958521789
-0.971631733
-0.982287251
-0.990461426
-0.996133609
-0.999289473
-0.999921044
-0.998026728
-0.993611311
-0.986685944
-0.977268124
-0.965381639
-0.951056516
-0.934328942
-0.915241173
-0.893841424
-0.870183755
-0.844327926
-0.816339251
-0.786288432
-0.754251381
-0.720309025
-0.684547106
-0.647055962
-0.607930298
-0.567268949
-0.52517463
-0.481753674
-0.437115767
-0.391373667
-0.344642923
-0.297041582
-0.248689887
-0.199709981
-0.150225589
-0.100361715
-0.050244318
-1.07809E-14
0.050244318
0.100361715
0.150225589
0.199709981
0.248689887
0.297041582
0.344642923
0.391373667
0.437115767
0.481753674
0.52517463
0.567268949
0.607930298
0.647055962
0.684547106
0.720309025
0.754251381
0.786288432
0.816339251
0.844327926
0.870183755
0.893841424
0.915241173
0.934328942
0.951056516
0.965381639
0.977268124
0.986685944
0.993611311
0.998026728
0.999921044
0.999289473
0.996133609
0.990461426
0.982287251
0.971631733
0.958521789
0.942990536
0.925077207
0.904827052
0.882291226
0.857526656
0.830595899
0.801566985
0.770513243
0.737513117
0.70264997
0.666011867
0.627691361
0.587785252
0.546394347
0.503623202
0.459579861
0.414375581
0.368124553
0.32094361
0.272951936
0.224270761
0.175023059
0.125333234
0.075326806
0.025130095
-0.025130095
-0.075326806
-0.125333234
-0.175023059
-0.224270761
-0.272951936
-0.32094361
-0.368124553
-0.414375581
-0.459579861
-0.503623202
-0.546394347
-0.587785252
-0.627691361
-0.666011867
-0.70264997
-0.737513117
-0.770513243
-0.801566985
-0.830595899
-0.857526656
-0.882291226
-0.904827052
-0.925077207
-0.942990536
-0.958521789
-0.971631733
-0.982287251
-0.990461426
-0.996133609
-0.999289473
-0.999921044
-0.998026728
-0.993611311
-0.986685944
-0.977268124
-0.965381639
-0.951056516
-0.934328942
-0.915241173
-0.893841424
-0.870183755
-0.844327926
-0.816339251
-0.786288432
-0.754251381
-0.720309025
-0.684547106
-0.647055962
-0.607930298
-0.567268949
-0.52517463
-0.481753674
-0.437115767
-0.391373667
-0.344642923
-0.297041582
-0.248689887
-0.199709981
-0.150225589
-0.100361715
-0.050244318
-3.92048E-15
