0.01545085
0.029389263
0.04045085
0.047552826
0.05
0.047552826
0.04045085
0.029389263
0.01545085
6.12574E-18
-0.01545085
-0.029389263
-0.04045085
-0.047552826
-0.05
-0.047552826
-0.04045085
-0.029389263
-0.01545085
-1.22515E-17
0.01545085
0.029389263
0.04045085
0.047552826
0.05
0.047552826
0.04045085
0.029389263
0.01545085
1.83772E-17
-0.01545085
-0.029389263
-0.04045085
-0.047552826
-0.05
-0.047552826
-0.04045085
-0.029389263
-0.01545085
-2.4503E-17
0.01545085
0.029389263
0.04045085
0.047552826
0.05
0.047552826
0.04045085
0.029389263
0.01545085
3.06287E-17
-0.01545085
-0.029389263
-0.04045085
-0.047552826
-0.05
-0.047552826
-0.04045085
-0.029389263
-0.01545085
-3.67545E-17
0.01545085
0.029389263
0.04045085
0.047552826
0.05
0.047552826
0.04045085
0.029389263
0.01545085
4.28802E-17
-0.01545085
-0.029389263
-0.04045085
-0.047552826
-0.05
-0.047552826
-0.04045085
-0.029389263
-0.01545085
-4.90059E-17
0.01545085
0.029389263
0.04045085
0.047552826
0.05
0.047552826
0.04045085
0.029389263
0.01545085
5.51317E-17
-0.01545085
-0.029389263
-0.04045085
-0.047552826
-0.05
-0.047552826
-0.04045085
-0.029389263
-0.01545085
-6.12574E-17
0.01545085
0.029389263
0.04045085
0.047552826
0.05
0.047552826
0.04045085
0.029389263
0.01545085
2.45019E-16
-0.01545085
-0.029389263
-0.04045085
