0.002807617
0.006347656
0.009979248
0.013275147
0.01638794
0.019470215
0.022583008
0.025665283
0.028747559
0.0317688
0.03475952
0.037750244
0.040771484
0.04385376
0.046905518
0.04989624
0.052856445
0.05593872
0.059051514
0.062164307
0.0652771
0.068359375
0.0715332
0.07473755
0.077941895
0.08111572
0.08425903
0.08746338
0.09063721
0.09387207
0.09710693
0.10031128
0.10345459
0.10656738
0.10977173
0.11306763
0.11627197
0.11932373
0.12231445
0.12542725
0.12863159
0.13183594
0.13491821
0.13790894
0.14089966
0.14401245
0.14709473
0.150177
0.15319824
0.15621948
0.15930176
0.16238403
0.16549683
0.16851807
0.17156982
0.17468262
0.17779541
0.1809082
0.18395996
0.18707275
0.1902771
0.193573
0.19674683
0.19979858
0.20275879
0.20578003
0.20895386
0.21212769
0.21520996
0.21820068
0.22116089
0.22421265
0.22729492
0.23034668
0.23339844
0.23648071
0.23956299
0.24264526
0.24563599
0.24862671
0.25164795
0.2546997
0.25775146
0.2607727
0.26382446
0.26687622
0.2699585
0.27297974
0.27593994
0.27886963
0.28189087
0.28497314
0.28808594
0.2911682
0.29415894
0.29718018
0.30023193
0.30325317
0.30630493
0.30932617
0.31237793
0.3154297
0.31845093
0.32141113
0.32434082
0.32730103
0.3302307
0.33322144
0.33621216
0.33920288
0.34213257
0.34506226
0.34796143
0.3508911
0.3538208
0.3567505
0.3597107
0.36260986
0.36550903
0.3684082
0.37139893
0.3743286
0.3772583
0.38012695
0.3829956
0.3859253
0.38882446
0.39175415
0.3946228
0.39746094
0.4003296
0.40322876
0.4060974
0.40899658
0.41183472
0.4147339
0.41760254
0.4205017
0.42337036
0.4262085
0.42904663
0.43191528
0.43475342
0.43759155
0.44036865
0.44317627
0.4460144
0.44882202
0.45166016
0.45446777
0.4572754
0.460083
0.46289062
0.46569824
0.46847534
0.47125244
0.47402954
0.47680664
0.4795227
0.4822693
0.4850464
0.48779297
0.49053955
0.49328613
0.49597168
0.49871826
0.50146484
0.5041809
0.506897
0.509552
0.51220703
0.5148926
0.51760864
0.5202637
0.5228882
0.5255127
0.5281067
0.5307617
0.53344727
0.5360718
0.5386963
0.5413208
0.5439148
0.5465393
0.5491638
0.55178833
0.5543823
0.5569763
0.5595703
0.5621033
0.56463623
0.5671997
0.5697632
0.57229614
0.5747986
0.57733154
0.579834
0.58236694
0.5848999
0.58743286
0.5899658
0.59246826
0.5949707
0.59747314
0.5999756
0.602478
0.60498047
0.6074829
0.60995483
0.61239624
0.61486816
0.6173096
0.619812
0.6222534
0.6246948
0.6271057
0.6295471
0.6319885
0.63442993
0.63687134
0.6392822
0.6416931
0.644104
0.6465454
0.6489563
0.65133667
0.65371704
0.6560974
0.6584778
0.66085815
0.663208
0.66555786
0.6679077
0.6702881
0.6726074
0.6749878
0.67733765
0.679657
0.6819763
0.68429565
0.6865845
0.6889038
0.69122314
0.69348145
0.69577026
0.69802856
0.70028687
0.7025757
0.704834
0.7070923
0.70928955
0.71151733
0.7137451
0.7159729
0.71817017
0.72036743
0.7225952
0.72476196
0.7269592
0.7291565
0.7312927
0.7334595
0.7355957
0.73776245
0.7398987
0.7420349
0.7441101
0.74624634
0.74835205
0.75045776
0.75250244
0.75460815
0.75665283
0.758728
0.7607727
0.7628174
0.76486206
0.7668762
0.7688904
0.77090454
0.7729187
0.77490234
0.776886
0.7788696
0.7808533
0.7828064
0.784729
0.78671265
0.7886658
0.79055786
0.79248047
0.7944031
0.7963257
0.7982178
0.80010986
0.80200195
0.8038635
0.8057251
0.80755615
0.8094177
0.8112793
0.81311035
0.8149109
0.81674194
0.81851196
0.8203125
0.82211304
0.82388306
0.8256531
0.8274231
0.8291626
0.8309021
0.8326721
0.8344116
0.8360901
0.8377991
0.83950806
0.84121704
0.8428955
0.8446045
0.84628296
0.8479309
0.8496094
0.8512573
0.8529053
0.8545227
0.85617065
0.8577881
0.8594055
0.86102295
0.86257935
0.8641968
0.8657532
0.8673401
0.8688965
0.8704529
0.87197876
0.87350464
0.87506104
0.8765564
0.87805176
0.8795471
0.88101196
0.8825073
0.88397217
0.885437
0.88687134
0.88830566
0.88974
0.8911438
0.8925476
0.8939514
0.8953552
0.896698
0.8980713
0.89941406
0.90075684
0.9020996
0.90341187
0.9047241
0.9060364
0.90734863
0.90859985
0.9098816
0.9111328
0.91238403
0.91360474
0.91485596
0.91604614
0.91726685
0.91848755
0.9196472
0.9208374
0.9219971
0.92315674
0.9242859
0.92544556
0.9265747
0.92767334
0.9288025
0.9299011
0.93099976
0.9320679
0.9331665
0.9342346
0.9352722
0.9363098
0.9373779
0.9384155
0.9394226
0.9404602
0.94143677
0.94244385
0.9434509
0.944397
0.94540405
0.9463501
0.94732666
0.9482422
0.94921875
0.9501343
0.9510498
0.95199585
0.95288086
0.95376587
0.9546509
0.9555359
0.9563904
0.9572754
0.9581299
0.95895386
0.95980835
0.9606323
0.9614868
0.9622803
0.96310425
0.9639282
0.96469116
0.9654846
0.9662781
0.967041
0.9678345
0.9685974
0.96932983
0.9700928
0.9708557
0.9715271
0.97229004
0.97299194
0.97372437
0.97439575
0.97509766
0.97576904
0.97647095
0.97714233
0.9777832
0.9784546
0.97906494
0.9797058
0.98031616
0.98095703
0.9815674
0.9821472
0.98275757
0.9833374
0.98391724
0.98446655
0.9850464
0.9855957
0.9861145
0.9866333
0.9871826
0.9876709
0.9881897
0.988678
0.98913574
0.989624
0.9901123
0.99050903
0.9909668
0.99139404
0.9918213
0.992218
0.99264526
0.9930115
0.9933777
0.9937744
0.9941101
0.9944763
0.9947815
0.9951172
0.99542236
0.99572754
0.9960022
0.99627686
0.996521
0.99679565
0.9970398
0.9972534
0.99749756
0.9977112
0.9978943
0.9980774
0.9982605
0.9984131
0.9985657
0.99871826
0.99884033
0.9989624
0.9990845
0.999115
0.99920654
0.9992981
0.99935913
0.99938965
0.9994507
0.9994507
0.9994507
0.9994812
0.9994507
0.9994507
0.99938965
0.99935913
0.9992981
0.99923706
0.999176
0.99905396
0.9989624
0.99884033
0.99871826
0.9985962
0.9984436
0.99832153
0.9981384
0.9979553
0.99780273
0.9975891
0.997406
0.9971924
0.99694824
0.9967346
0.996521
0.9962158
0.9959717
0.995697
0.99542236
0.9951477
0.9948425
0.99453735
0.9942322
0.993927
0.9935608
0.9932556
0.9928589
0.9925232
0.99212646
0.9917908
0.99139404
0.9909973
0.99057007
0.99017334
0.9897461
0.98931885
0.9888916
0.98846436
0.9880066
0.9875183
0.98709106
0.9866028
0.9861145
0.9856262
0.98513794
0.98461914
0.98413086
0.983551
0.9830322
0.9825134
0.9819641
0.9813843
0.98083496
0.9802551
0.9796448
0.97909546
0.9784851
0.97787476
0.9772339
0.97662354
0.97598267
0.9753418
0.9747009
0.97402954
0.97332764
0.97265625
0.97198486
0.97125244
0.97058105
0.96987915
0.9691467
0.9683838
0.9676819
0.96691895
0.966156
0.96539307
0.9645996
0.96383667
0.9630432
0.9621887
0.96139526
0.9605713
0.9597473
0.9588928
0.95803833
0.95718384
0.9562988
0.95544434
0.9545288
0.9536438
0.95269775
0.9517822
0.9508362
0.94989014
0.9489441
0.9479675
0.94696045
0.9459839
0.9449768
0.9439697
0.94296265
0.94195557
0.94088745
0.93981934
0.93878174
0.9377136
0.936615
0.9355469
0.9344177
0.9332886
0.93218994
0.9310303
0.9298706
0.92874146
0.92755127
0.9263611
0.9252014
0.9239807
0.92276
0.9215698
0.9203186
0.9190979
0.91781616
0.91656494
0.9152832
0.914032
0.91275024
0.911438
0.91012573
0.9088135
0.9075012
0.90615845
0.9048462
0.9035034
0.9021301
0.9007263
0.89938354
0.89797974
0.8965759
0.89520264
0.8937683
0.8923645
0.8909607
0.88949585
0.8880615
0.8866272
0.88516235
0.883667
0.88220215
0.8807068
0.8792114
0.8777466
0.8762207
0.8746948
0.8731384
0.87164307
0.87008667
0.8685303
0.8669739
0.8654175
0.86383057
0.86224365
0.8606262
0.8590393
0.8574219
0.85583496
0.854187
0.85250854
0.8508911
0.84924316
0.8475647
0.84591675
0.8442383
0.8425598
0.84088135
0.83914185
0.8374634
0.8357239
0.8340149
0.8322754
0.8305359
0.82876587
0.82699585
0.82525635
0.8234558
0.8216858
0.81985474
0.8180542
0.81625366
0.8144531
0.8126221
0.8107605
0.80892944
0.8070679
0.8052063
0.8033447
0.80148315
0.79959106
0.797699
0.79577637
0.7938843
0.79196167
0.79003906
0.78811646
0.78616333
0.7842102
0.7822876
0.78027344
0.7783203
0.77633667
0.774353
0.7723694
0.7703552
0.76834106
0.7662964
0.76431274
0.76226807
0.7602234
0.7581482
0.7561035
0.7540283
0.7519531
0.7498779
0.7477722
0.7456665
0.7435913
0.7414551
0.73934937
0.73724365
0.7351074
0.7329712
0.73080444
0.72869873
0.726532
0.72436523
0.7221985
0.7200012
0.7178345
0.7156677
0.71343994
0.7112427
0.7090454
0.70684814
0.70462036
0.7023926
0.7001648
0.6979065
0.6957092
0.6934509
0.6911926
0.6889038
0.6866455
0.6843567
0.6820984
0.6798096
0.67752075
0.6752014
0.6728821
0.67056274
0.6682434
0.66589355
0.6635742
0.66122437
0.658844
0.65652466
0.6541443
0.6517639
0.64941406
0.6470032
0.6446228
0.64224243
0.639801
0.63739014
0.63494873
0.63253784
0.63009644
0.627655
0.6251831
0.6227112
0.6202698
0.61779785
0.6153259
0.6128235
0.61035156
0.6078186
0.6053467
0.60284424
0.6003113
0.59780884
0.5952759
0.5927429
0.59020996
0.587677
0.5851135
0.58258057
0.5799866
0.5774536
0.57489014
0.57229614
0.5697632
0.5671692
0.5646057
0.56204224
0.5594177
0.55682373
0.55422974
0.5516052
0.5489807
0.5463867
0.5437622
0.5411072
0.53848267
0.53585815
0.5332031
0.5305481
0.52789307
0.52523804
0.522583
0.519928
0.51724243
0.51452637
0.5118408
0.5091553
0.5064392
0.50375366
0.5010376
0.49832153
0.49557495
0.4928589
0.4901123
0.48736572
0.48461914
0.48184204
0.47909546
0.47634888
0.47354126
0.47076416
0.46798706
0.46520996
0.46240234
0.45962524
0.45681763
0.4539795
0.4512024
0.44836426
0.44552612
0.442688
0.43988037
0.43701172
0.43417358
0.43133545
0.4284973
0.42562866
0.42279053
0.41992188
0.41705322
0.41418457
0.41134644
0.40844727
0.4055786
0.40270996
0.3998108
0.39691162
0.39404297
0.3911438
0.38824463
0.38537598
0.3824463
0.37954712
0.37664795
0.37374878
0.3708496
0.36791992
0.36502075
0.36209106
0.3591919
0.3562622
0.35333252
0.3503723
0.34744263
0.34451294
0.34155273
0.33862305
0.33569336
0.33273315
0.32980347
0.32681274
0.32388306
0.32092285
0.31796265
0.31497192
0.3119812
0.309021
0.3060608
0.30307007
0.30010986
0.29708862
0.2940979
0.2911377
0.28811646
0.28512573
0.2821045
0.27908325
0.27609253
0.2730713
0.27005005
0.2669983
0.26400757
0.26098633
0.25793457
0.2548828
0.25186157
0.24880981
0.24575806
0.2427063
0.23965454
0.23660278
0.23352051
0.23046875
0.22741699
0.22433472
0.22125244
0.21820068
0.21508789
0.21203613
0.20895386
0.20587158
0.2027893
0.19970703
0.19662476
0.19354248
0.19042969
0.18734741
0.18423462
0.18115234
0.17803955
0.17495728
0.171875
0.16873169
0.16564941
0.16256714
0.15945435
0.15634155
0.15322876
0.15011597
0.14700317
0.1439209
0.1408081
0.13769531
0.13458252
0.13143921
0.12835693
0.12524414
0.12210083
0.11898804
0.115875244
0.11276245
0.10964966
0.10650635
0.103393555
0.10028076
0.09713745
0.09402466
0.090911865
0.087768555
0.08465576
0.08151245
0.07839966
0.07525635
0.072143555
0.069000244
0.06588745
0.06274414
0.05960083
0.05645752
0.053344727
0.050201416
0.047058105
0.043945312
0.040802002
0.03768921
0.0345459
0.031402588
0.028289795
0.025146484
0.022003174
0.018859863
0.015716553
0.012573242
0.009429932
0.006286621
0.003173828
3.05E-05
-0.003112793
-0.006225586
-0.009368897
-0.012512207
-0.015655518
-0.018798828
-0.021942139
-0.02508545
-0.028198242
-0.03137207
-0.034484863
-0.037628174
-0.040771484
-0.043914795
-0.047027588
-0.0501709
-0.05331421
-0.05645752
-0.05960083
-0.06274414
-0.06585693
-0.069000244
-0.07211304
-0.07525635
-0.07839966
-0.08151245
-0.08468628
-0.08779907
-0.09094238
-0.09408569
-0.09719849
-0.1003418
-0.10345459
-0.10656738
-0.109680176
-0.11282349
-0.11593628
-0.11907959
-0.12219238
-0.12530518
-0.12841797
-0.13156128
-0.13467407
-0.13778687
-0.14089966
-0.14401245
-0.14712524
-0.15023804
-0.15335083
-0.1564331
-0.1595459
-0.16265869
-0.16577148
-0.16888428
-0.17196655
-0.17507935
-0.17816162
-0.1812439
-0.18435669
-0.18743896
-0.19055176
-0.19363403
-0.19671631
-0.19979858
-0.20288086
-0.20596313
-0.20904541
-0.21212769
-0.21517944
-0.21829224
-0.221344
-0.22439575
-0.22747803
-0.2305603
-0.23361206
-0.23666382
-0.23971558
-0.24276733
-0.24578857
-0.24884033
-0.2518921
-0.25494385
-0.2579651
-0.26101685
-0.2640381
-0.26708984
-0.27008057
-0.27313232
-0.27615356
-0.2791443
-0.28216553
-0.28518677
-0.2881775
-0.29119873
-0.29418945
-0.2972107
-0.30020142
-0.30319214
-0.30618286
-0.30917358
-0.3121338
-0.31515503
-0.31811523
-0.32107544
-0.32403564
-0.32702637
-0.3300171
-0.33294678
-0.33590698
-0.3388672
-0.3418274
-0.3447876
-0.3477478
-0.3506775
-0.35360718
-0.35656738
-0.35949707
-0.36245728
-0.36535645
-0.36828613
-0.37121582
-0.374115
-0.37704468
-0.37994385
-0.38287354
-0.3857727
-0.38867188
-0.39157104
-0.3944702
-0.39736938
-0.40023804
-0.4031067
-0.40600586
-0.4088745
-0.41174316
-0.41461182
-0.41744995
-0.4203186
-0.42318726
-0.42599487
-0.42886353
-0.43167114
-0.43450928
-0.4373474
-0.44015503
-0.44299316
-0.44577026
-0.44857788
-0.4513855
-0.45419312
-0.4569702
-0.45977783
-0.46255493
-0.46533203
-0.46810913
-0.4708557
-0.4736328
-0.4763794
-0.47912598
-0.48190308
-0.48461914
-0.48736572
-0.4900818
-0.49282837
-0.49554443
-0.4982605
-0.50097656
-0.5036926
-0.5063782
-0.50909424
-0.5117798
-0.5144348
-0.5171509
-0.5198059
-0.52249146
-0.5251465
-0.52783203
-0.53048706
-0.5331116
-0.5357666
-0.53842163
-0.54107666
-0.54367065
-0.5463257
-0.5489502
-0.5515747
-0.5541992
-0.5567932
-0.5593872
-0.5620117
-0.5645752
-0.5671692
-0.5697632
-0.5723572
-0.57489014
-0.57748413
-0.5800476
-0.5826111
-0.58514404
-0.5877075
-0.5902405
-0.59277344
-0.5953064
-0.59780884
-0.6003418
-0.60284424
-0.6053467
-0.6078491
-0.61035156
-0.6128235
-0.6152954
-0.61776733
-0.62023926
-0.6227112
-0.6251526
-0.627594
-0.6300659
-0.6324768
-0.6349182
-0.6373291
-0.6397705
-0.6421814
-0.6445923
-0.64697266
-0.64938354
-0.6517639
-0.6541443
-0.65652466
-0.6588745
-0.6612549
-0.6635742
-0.6659546
-0.6682739
-0.6706238
-0.67297363
-0.67526245
-0.6775818
-0.6799011
-0.68218994
-0.68447876
-0.6867676
-0.6890564
-0.6913147
-0.693573
-0.6958313
-0.6980896
-0.7003174
-0.7025757
-0.70480347
-0.70700073
-0.7092285
-0.7114563
-0.71362305
-0.7158203
-0.7180176
-0.7201843
-0.7223511
-0.7245178
-0.72665405
-0.7288208
-0.73095703
-0.7331238
-0.7352295
-0.7373657
-0.7394409
-0.74154663
-0.74365234
-0.74572754
-0.74783325
-0.7498779
-0.7519531
-0.7540283
-0.7561035
-0.7581482
-0.76016235
-0.76220703
-0.7642212
-0.76626587
-0.7682495
-0.7702637
-0.77227783
-0.7742615
-0.7762451
-0.77822876
-0.7801819
-0.7821655
-0.78411865
-0.7860718
-0.7880249
-0.7899475
-0.7918701
-0.7937927
-0.7956848
-0.7976074
-0.7994995
-0.8013916
-0.8032532
-0.80514526
-0.80700684
-0.8088379
-0.81069946
-0.8125305
-0.8143616
-0.8161926
-0.8180237
-0.8198242
-0.82159424
-0.82336426
-0.8251648
-0.8269348
-0.8286743
-0.83044434
-0.83221436
-0.83392334
-0.83566284
-0.83740234
-0.8390808
-0.8407898
-0.8424988
-0.84417725
-0.8458557
-0.8475342
-0.8491821
-0.8508301
-0.852478
-0.854126
-0.8557434
-0.85736084
-0.85894775
-0.8605652
-0.8621826
-0.863739
-0.8653259
-0.8668823
-0.8684387
-0.8699951
-0.8715515
-0.8730774
-0.8746033
-0.87612915
-0.8776245
-0.8791504
-0.88061523
-0.8821106
-0.88360596
-0.8850708
-0.8865051
-0.8880005
-0.8894348
-0.89086914
-0.89230347
-0.8937073
-0.8951416
-0.8965454
-0.8979187
-0.8993225
-0.9006958
-0.9020691
-0.90341187
-0.90478516
-0.9060974
-0.9074402
-0.9088135
-0.9100952
-0.9114075
-0.9126892
-0.91397095
-0.9152527
-0.9165344
-0.91781616
-0.91903687
-0.9202881
-0.9215393
-0.92276
-0.9239502
-0.9251709
-0.9263916
-0.92755127
-0.92874146
-0.9299011
-0.9310608
-0.93222046
-0.9333496
-0.93447876
-0.9356079
-0.93673706
-0.9378052
-0.9389038
-0.94000244
-0.94107056
-0.9421387
-0.9432068
-0.94421387
-0.94525146
-0.9463196
-0.94729614
-0.9483032
-0.9492798
-0.95025635
-0.9512329
-0.9522095
-0.95318604
-0.95410156
-0.9550476
-0.95599365
-0.9569092
-0.9577942
-0.9587097
-0.95962524
-0.96047974
-0.9613342
-0.96221924
-0.9630432
-0.9638977
-0.9647217
-0.96554565
-0.9663696
-0.9671936
-0.96795654
-0.96875
-0.96954346
-0.9703064
-0.9710388
-0.97180176
-0.97250366
-0.9732361
-0.973999
-0.9746704
-0.9753723
-0.9760437
-0.9767151
-0.9773865
-0.97805786
-0.97869873
-0.9793091
-0.97994995
-0.9805603
-0.98117065
-0.9817505
-0.98236084
-0.9829407
-0.98349
-0.9840393
-0.98461914
-0.98513794
-0.98565674
-0.98620605
-0.98669434
-0.9871826
-0.9877014
-0.98812866
-0.98861694
-0.9891052
-0.989563
-0.9899597
-0.9904175
-0.9908142
-0.99124146
-0.9916687
-0.9920349
-0.9924011
-0.99276733
-0.99313354
-0.99346924
-0.99383545
-0.99417114
-0.9944763
-0.9947815
-0.99508667
-0.99539185
-0.9956665
-0.99594116
-0.9962158
-0.99645996
-0.9967041
-0.99694824
-0.99716187
-0.9973755
-0.9976196
-0.99780273
-0.99798584
-0.99819946
-0.99832153
-0.99850464
-0.9986572
-0.9988098
-0.9989319
-0.99905396
-0.9991455
-0.9992676
-0.99938965
-0.9994507
-0.99954224
-0.99957275
-0.9996338
-0.9996643
-0.99972534
-0.99975586
-0.99975586
-0.99975586
-0.99975586
-0.99975586
-0.99972534
-0.9996948
-0.9996643
-0.9996033
-0.99954224
-0.9994812
-0.99938965
-0.9992981
-0.99920654
-0.9990845
-0.9989929
-0.99887085
-0.99868774
-0.9985657
-0.9984131
-0.9982605
-0.9980774
-0.9978943
-0.99768066
-0.99746704
-0.99728394
-0.9970398
-0.99679565
-0.996521
-0.99627686
-0.9960022
-0.99575806
-0.9954834
-0.9951477
-0.9948425
-0.99453735
-0.99420166
-0.99383545
-0.99349976
-0.99316406
-0.99276733
-0.9923706
-0.9920044
-0.99160767
-0.9911804
-0.9907837
-0.9903259
-0.9898987
-0.98947144
-0.98898315
-0.9885254
-0.9880371
-0.9875488
-0.98703
-0.98654175
-0.98602295
-0.98547363
-0.98495483
-0.984375
-0.9838562
-0.98324585
-0.982666
-0.98205566
-0.98147583
-0.980896
-0.9802551
-0.97961426
-0.9789734
-0.9783325
-0.97766113
-0.97698975
-0.9763489
-0.975647
-0.97491455
-0.97424316
-0.97351074
-0.9727783
-0.9720764
-0.9713135
-0.97055054
-0.9698181
-0.96902466
-0.9682617
-0.96746826
-0.9666748
-0.96585083
-0.9650574
-0.9642029
-0.9633789
-0.96255493
-0.9616699
-0.9608154
-0.9599304
-0.9590454
-0.9581604
-0.9572754
-0.95635986
-0.95544434
-0.9544983
-0.95358276
-0.9526062
-0.95166016
-0.9507141
-0.94973755
-0.94873047
-0.9477234
-0.9467468
-0.94573975
-0.94473267
-0.94369507
-0.9426575
-0.9416199
-0.9405823
-0.93948364
-0.9384155
-0.9373169
-0.9362488
-0.9351196
-0.934021
-0.93289185
-0.9317627
-0.93063354
-0.9294739
-0.9283142
-0.927124
-0.92596436
-0.92477417
-0.923584
-0.9223938
-0.9211426
-0.9199219
-0.9187012
-0.91744995
-0.91619873
-0.9149475
-0.9136658
-0.91238403
-0.9110718
-0.90979004
-0.9084778
-0.9071655
-0.9058533
-0.9045105
-0.9031677
-0.90185547
-0.90045166
-0.89907837
-0.8977051
-0.8963318
-0.894928
-0.89352417
-0.89212036
-0.89068604
-0.8892822
-0.8878174
-0.88638306
-0.8848877
-0.88342285
-0.8819275
-0.88046265
-0.8789978
-0.8774719
-0.87597656
-0.8744507
-0.8728943
-0.8713684
-0.8698425
-0.86828613
-0.86672974
-0.8651428
-0.8635559
-0.861969
-0.86035156
-0.85876465
-0.8571472
-0.8555298
-0.8539429
-0.8522644
-0.85061646
-0.8489685
-0.84729004
-0.8456421
-0.8439636
-0.84228516
-0.8405762
-0.8388977
-0.8371582
-0.8354492
-0.8337097
-0.8319702
-0.8302307
-0.8284912
-0.8267212
-0.8249512
-0.82318115
-0.82141113
-0.8196106
-0.81781006
-0.8160095
-0.814209
-0.8123779
-0.81051636
-0.8087158
-0.80685425
-0.8049927
-0.8031616
-0.80126953
-0.79940796
-0.7975769
-0.7956543
-0.7937622
-0.7918396
-0.789917
-0.7879944
-0.7860718
-0.78414917
-0.78219604
-0.78027344
-0.7782898
-0.77633667
-0.7743225
-0.77233887
-0.7703552
-0.7683716
-0.76638794
-0.7643738
-0.7623291
-0.76031494
-0.75827026
-0.7562256
-0.7541809
-0.7521057
-0.7500305
-0.7479553
-0.7458801
-0.74380493
-0.7416992
-0.739624
-0.7374878
-0.7353821
-0.73324585
-0.7310791
-0.7289734
-0.72683716
-0.7246704
-0.72250366
-0.72036743
-0.71817017
-0.7159729
-0.71380615
-0.7116089
-0.7094116
-0.70718384
-0.7049866
-0.7027283
-0.7005005
-0.6982727
-0.6960144
-0.6937561
-0.6914978
-0.689209
-0.68692017
-0.68466187
-0.68237305
-0.6800842
-0.6777954
-0.6755066
-0.67315674
-0.6708069
-0.66848755
-0.6661072
-0.66378784
-0.6614685
-0.65908813
-0.6567383
-0.6543579
-0.65200806
-0.6496277
-0.6472168
-0.6448059
-0.642395
-0.64001465
-0.63757324
-0.63513184
-0.6326904
-0.63027954
-0.62783813
-0.6253967
-0.6229248
-0.6204529
-0.61795044
-0.61550903
-0.6130371
-0.6105652
-0.60806274
-0.6055603
-0.60305786
-0.6004944
-0.59802246
-0.5954895
-0.59298706
-0.5904846
-0.58792114
-0.58535767
-0.5827942
-0.5802307
-0.5777283
-0.5751648
-0.5725708
-0.5699768
-0.56741333
-0.56484985
-0.56225586
-0.55966187
-0.55703735
-0.55444336
-0.55181885
-0.54919434
-0.5465393
-0.5439148
-0.5412903
-0.53863525
-0.5359802
-0.5333557
-0.53067017
-0.52801514
-0.5253601
-0.5227051
-0.52005005
-0.517334
-0.51464844
-0.51190186
-0.5092163
-0.50653076
-0.5038147
-0.50112915
-0.4984131
-0.495636
-0.4928589
-0.4901123
-0.48745728
-0.48477173
-0.4819641
-0.47906494
-0.47631836
-0.47366333
-0.47088623
-0.4680786
-0.46524048
-0.4625244
-0.4597168
-0.45690918
-0.45410156
-0.45129395
-0.44848633
-0.44570923
-0.4428711
-0.44006348
-0.43722534
-0.43441772
-0.4315796
-0.42871094
-0.42590332
-0.4230652
-0.42019653
-0.4173584
-0.41448975
-0.4116211
-0.40872192
-0.40585327
-0.40307617
-0.40020752
-0.3972168
-0.3942871
-0.39144897
-0.38861084
-0.38571167
-0.3828125
-0.37991333
-0.37701416
-0.37405396
-0.3711548
-0.36819458
-0.3652954
-0.36239624
-0.35946655
-0.35653687
-0.35360718
-0.35064697
-0.34765625
-0.34466553
-0.34173584
-0.33883667
-0.33584595
-0.33288574
-0.32989502
-0.3269348
-0.3239746
-0.3210144
-0.31802368
-0.31503296
-0.31201172
-0.30908203
-0.3060913
-0.30297852
-0.2999878
-0.29708862
-0.29415894
-0.29104614
-0.28799438
-0.28500366
-0.28201294
-0.27896118
-0.27597046
-0.27297974
-0.26992798
-0.26687622
-0.26382446
-0.26083374
-0.25787354
-0.25482178
-0.25177002
-0.24871826
-0.2456665
-0.24261475
-0.23962402
-0.2366333
-0.23355103
-0.23046875
-0.22741699
-0.22433472
-0.22125244
-0.21817017
-0.21517944
-0.21218872
-0.20904541
-0.20587158
-0.20288086
-0.19995117
-0.19680786
-0.193573
-0.19055176
-0.18759155
-0.18450928
-0.18133545
-0.17822266
-0.1751709
-0.17208862
-0.16900635
-0.16595459
-0.1628418
-0.159729
-0.15661621
-0.15350342
-0.1503601
-0.14727783
-0.14425659
-0.1411438
-0.13796997
-0.13482666
-0.13171387
-0.12860107
-0.12548828
-0.12243652
-0.11932373
-0.1161499
-0.11303711
-0.109954834
-0.10681152
-0.10366821
-0.10055542
-0.09741211
-0.09420776
-0.091156006
-0.08807373
-0.084869385
-0.08157349
-0.07849121
-0.07546997
-0.07229614
-0.0690918
-0.065979004
-0.06286621
-0.059692383
-0.056518555
-0.053497314
-0.05038452
-0.04714966
-0.044006348
-0.040924072
-0.037841797
-0.03463745
-0.031463623
-0.028320312
-0.02520752
-0.022125244
-0.018951416
-0.015655518
-0.012542725
-0.00958252
-0.006317139
-0.00289917
-0.000427246
