-0.14322
-0.14110
-0.14538
-0.14439
-0.14320
-0.14326
-0.14428
-0.14656
-0.14546
-0.14871
-0.14647
-0.14661
-0.14653
-0.14657
-0.14545
-0.14983
-0.14878
-0.14652
-0.14876
-0.14763
-0.14756
-0.14762
-0.14863
-0.14869
-0.15198
-0.14976
-0.14966
-0.15076
-0.14971
-0.14985
-0.14862
-0.14981
-0.14973
-0.14975
-0.14859
-0.15187
-0.14762
-0.15305
-0.15086
-0.14972
-0.14987
-0.15090
-0.14989
-0.14877
-0.14979
-0.14979
-0.14876
-0.14763
-0.14868
-0.14872
-0.14986
-0.14766
-0.15092
-0.14536
-0.14866
-0.14763
-0.14758
-0.14983
-0.15099
-0.15097
-0.14989
-0.15095
-0.14983
-0.14977
-0.15317
-0.15091
-0.14979
-0.15099
-0.15318
-0.15206
-0.15095
-0.15532
-0.15092
-0.15755
-0.15865
-0.15974
-0.15968
-0.15864
-0.15868
-0.15865
-0.15980
-0.15976
-0.16196
-0.16197
-0.16187
-0.16192
-0.16198
-0.16083
-0.15980
-0.16308
-0.16084
-0.15856
-0.15976
-0.16307
-0.16085
-0.16301
-0.16085
-0.16076
-0.16314
-0.16292
-0.16616
-0.16838
-0.16829
-0.17150
-0.17161
-0.17380
-0.17704
-0.18012
-0.18423
-0.19917
-0.19950
-0.20918
-0.22667
-0.24651
-0.27250
-0.29787
-0.29860
-0.30211
-0.30971
-0.31514
-0.31723
-0.31927
-0.32252
-0.32253
-0.32363
-0.32682
-0.32253
-0.32144
-0.32351
-0.32364
-0.32252
-0.32357
-0.32031
-0.32358
-0.32371
-0.32252
-0.32031
-0.32361
-0.32246
-0.32586
-0.32466
-0.32591
-0.32585
-0.32800
-0.32798
-0.32466
-0.32800
-0.32699
-0.32804
-0.32584
-0.32696
-0.32805
-0.32573
-0.32478
-0.32582
-0.32802
-0.32688
-0.32692
-0.32585
-0.32797
-0.32802
-0.32466
-0.32794
-0.32685
-0.32909
-0.32569
-0.32915
-0.32693
-0.32693
-0.32583
-0.32806
-0.32461
-0.32796
-0.32569
-0.32688
-0.32688
-0.32796
-0.32687
-0.32462
-0.32910
-0.32683
-0.32800
-0.32469
-0.32687
-0.32917
-0.32577
-0.32807
-0.32582
-0.32367
-0.32480
-0.32708
-0.32272
-0.32379
-0.32485
-0.32587
-0.32478
-0.32591
-0.32259
-0.32585
-0.32261
-0.32478
-0.32369
-0.32594
-0.32479
-0.32369
-0.32703
-0.32804
-0.32701
-0.32591
-0.32594
-0.32700
-0.32365
-0.32370
-0.32580
-0.32471
-0.32700
-0.32363
-0.32587
-0.32584
-0.32586
-0.32373
-0.32469
-0.32472
-0.32250
-0.32579
-0.32573
-0.32580
-0.32246
-0.32480
-0.32582
-0.32476
-0.32804
-0.32474
-0.32695
-0.32578
-0.32590
-0.32694
-0.32477
-0.32570
-0.32472
-0.32465
-0.32587
-0.32346
-0.32364
-0.32589
-0.32465
-0.32580
-0.32358
-0.32805
-0.32465
-0.32142
-0.32142
-0.32798
-0.32466
-0.32592
-0.32244
-0.32577
-0.32590
-0.32253
-0.32473
-0.32472
-0.32467
-0.32366
-0.32363
-0.32256
-0.32359
-0.32033
-0.32358
-0.32135
-0.32361
-0.32481
-0.32250
-0.32251
-0.32138
-0.32367
-0.32246
-0.32587
-0.32353
-0.32349
-0.32246
-0.32583
-0.32352
-0.32363
-0.32356
-0.32457
-0.32462
-0.32358
-0.32240
-0.32463
-0.32467
-0.32579
-0.32246
-0.32137
-0.32577
-0.32574
-0.32467
-0.32349
-0.32237
-0.32237
-0.32244
-0.32568
-0.32460
-0.32460
-0.32690
-0.32462
-0.32349
-0.32588
-0.32347
-0.32358
-0.32577
-0.32462
-0.32794
-0.32466
-0.32577
-0.32679
-0.32578
-0.32461
-0.32576
-0.32696
-0.32683
-0.32573
-0.32574
-0.32694
-0.33012
-0.32799
-0.32572
-0.32795
-0.32573
-0.32455
-0.32471
-0.32456
-0.32468
-0.32796
-0.32352
-0.32577
-0.32688
-0.32902
-0.32588
-0.32577
-0.32348
-0.32461
-0.32353
-0.32459
-0.32248
-0.32569
-0.32903
-0.32569
-0.32361
-0.32678
-0.32790
-0.32468
-0.32577
-0.32461
-0.32692
-0.32467
-0.32692
-0.32456
-0.32464
-0.32472
-0.32569
-0.32352
-0.32349
-0.32352
-0.32240
-0.32356
-0.32353
-0.32468
-0.32345
-0.32579
-0.32673
-0.32570
-0.32245
-0.32783
-0.32343
-0.32568
-0.32560
-0.32347
-0.32469
-0.32456
-0.32237
-0.32461
-0.32341
-0.32559
-0.32559
-0.32464
-0.32347
-0.32565
-0.32792
-0.32566
-0.32680
-0.32450
-0.32676
-0.32452
-0.32456
-0.32677
-0.32778
-0.32352
-0.32561
-0.32566
-0.32351
-0.32449
-0.32669
-0.32666
-0.32346
-0.32552
-0.32781
-0.32788
-0.32900
-0.32451
-0.32459
-0.32889
-0.32561
-0.32566
-0.32684
-0.32676
-0.32774
-0.32558
-0.32676
-0.32677
-0.32672
-0.32446
-0.32449
-0.32567
-0.32346
-0.32451
-0.32677
-0.32453
-0.32782
-0.32447
-0.32461
-0.32348
-0.32567
-0.32460
-0.32459
-0.32778
-0.32678
-0.32571
-0.32779
-0.32794
-0.32341
-0.32677
-0.32460
-0.32458
-0.32561
-0.32354
-0.32237
-0.32458
-0.32448
-0.32351
-0.32558
-0.32560
-0.32676
-0.32451
-0.32786
-0.32678
-0.32570
-0.32564
-0.32461
-0.32454
-0.32553
-0.32447
-0.32345
-0.32678
-0.32564
-0.32454
-0.32565
-0.32567
-0.32674
-0.32444
-0.32665
-0.32243
-0.32670
-0.32344
-0.32450
-0.32555
-0.32900
-0.32673
-0.32674
-0.32781
-0.32343
-0.32670
-0.32443
-0.32674
-0.32786
-0.32892
-0.32561
-0.32780
-0.32555
-0.32894
-0.32669
-0.32671
-0.32775
-0.32670
-0.32449
-0.32784
-0.32670
-0.32785
-0.32664
-0.32670
-0.32768
-0.32573
-0.32560
-0.32671
-0.32456
-0.32450
-0.32667
-0.32566
-0.32554
-0.32340
-0.32447
-0.32562
-0.32664
-0.32564
-0.32452
-0.32563
-0.32564
-0.32560
-0.32657
-0.32336
-0.32443
-0.32445
-0.32665
-0.32450
-0.32451
-0.32334
-0.32666
-0.32342
-0.32661
-0.32662
-0.32670
-0.32441
-0.32999
-0.32552
-0.32558
-0.32445
-0.32439
-0.32670
-0.32548
-0.32439
-0.32557
-0.32878
-0.32777
-0.32560
-0.32873
-0.32665
-0.32329
-0.32444
-0.32663
-0.32437
-0.32435
-0.32877
-0.32557
-0.32769
-0.32658
-0.32662
-0.32874
-0.32773
-0.32552
-0.32657
-0.32326
-0.32876
-0.32663
-0.32665
-0.32984
-0.32658
-0.32662
-0.32980
-0.32554
-0.32547
-0.32662
-0.32442
-0.32664
-0.32758
-0.32875
-0.32772
-0.32772
-0.32549
-0.32875
-0.32765
-0.32660
-0.32660
-0.32661
-0.32438
-0.32669
-0.32768
-0.32555
-0.32557
-0.32881
-0.32433
-0.32325
-0.32760
-0.32448
-0.32656
-0.32331
-0.32660
-0.32551
-0.32778
-0.32444
-0.32437
-0.32667
-0.32327
-0.32664
-0.32540
-0.32668
-0.32325
-0.32441
-0.32662
-0.32548
-0.32655
-0.32765
-0.32668
-0.32877
-0.32665
-0.32652
-0.32661
-0.32448
-0.32661
-0.32662
-0.32757
-0.32661
-0.32770
-0.32643
-0.32660
-0.32880
-0.32538
-0.32770
-0.32768
-0.32986
-0.32988
-0.32540
-0.32767
-0.32982
-0.32765
-0.32757
-0.32762
-0.32764
-0.32879
-0.32763
-0.32991
-0.32771
-0.32658
-0.32982
-0.32759
-0.32879
-0.33198
-0.32642
-0.32761
-0.32987
-0.32878
-0.32868
-0.32648
-0.33085
-0.32874
-0.32870
-0.32868
-0.32867
-0.33096
-0.32762
-0.32871
-0.32868
-0.32982
-0.32878
-0.32534
-0.32866
-0.32759
-0.32655
-0.32872
-0.32769
-0.32651
-0.32657
-0.32874
-0.32766
-0.32760
-0.32657
-0.32768
-0.32422
-0.32859
-0.32541
-0.32760
-0.32869
-0.32532
-0.32544
-0.32768
-0.32867
-0.32758
-0.32872
-0.32648
-0.32655
-0.32652
-0.32650
-0.32763
-0.32437
-0.32656
-0.32647
-0.32761
-0.32651
-0.32761
-0.32880
-0.32647
-0.32872
-0.32874
-0.32655
-0.32541
-0.32875
-0.32650
-0.32655
-0.32747
-0.32767
-0.32541
-0.32540
-0.32765
-0.32976
-0.32756
-0.32762
-0.32656
-0.32648
-0.32535
-0.32420
-0.32870
-0.32643
-0.32648
-0.32761
-0.32650
-0.32762
-0.32658
-0.32978
-0.33202
-0.32975
-0.32757
-0.32860
-0.32980
-0.32759
-0.33301
-0.32649
-0.32977
-0.32972
-0.33090
-0.32976
-0.32978
-0.32976
-0.33086
-0.32974
-0.32863
-0.32969
-0.33083
-0.33309
-0.33196
-0.32979
-0.32757
-0.32864
-0.33080
-0.32868
-0.32971
-0.33082
-0.32982
-0.32869
-0.32980
-0.33084
-0.32865
-0.32759
-0.32980
-0.33207
-0.32750
-0.32752
-0.32863
-0.32971
-0.32974
-0.32869
-0.32870
-0.32753
-0.32855
-0.32857
-0.32876
-0.32758
-0.32645
-0.32753
-0.32978
-0.32865
-0.32540
-0.32544
-0.32641
-0.33091
-0.32643
-0.32871
-0.32868
-0.32860
-0.32984
-0.32641
-0.32868
-0.32866
-0.32758
-0.32529
-0.32867
-0.32863
-0.32542
-0.32651
-0.32644
-0.32647
-0.32540
-0.32861
-0.32969
-0.32864
-0.32646
-0.32543
-0.32645
-0.32763
-0.32761
-0.32855
-0.32751
-0.32979
-0.32963
-0.32759
-0.32865
-0.32968
-0.33092
-0.33077
-0.32864
-0.32756
-0.32637
-0.32864
-0.32967
-0.33079
-0.33082
-0.32962
-0.32866
-0.33192
-0.32964
-0.33069
-0.33192
-0.33513
-0.33194
-0.33077
-0.33077
-0.33192
-0.33294
-0.33406
-0.33068
-0.33294
-0.33410
-0.33085
-0.33176
-0.33183
-0.33294
-0.33076
-0.32864
-0.33085
-0.33080
-0.33189
-0.33297
-0.32854
-0.32978
-0.33067
-0.33070
-0.33080
-0.33183
-0.32969
-0.33299
-0.33074
-0.33079
-0.33079
-0.32858
-0.32968
-0.32982
-0.33190
-0.33079
-0.32968
-0.32749
-0.33193
-0.32969
-0.32852
-0.32966
-0.32981
-0.32975
-0.32973
-0.32646
-0.32867
-0.32976
-0.32762
-0.32754
-0.32967
-0.32862
-0.32974
-0.32642
-0.32970
-0.32635
-0.32863
-0.33088
-0.32965
-0.32859
-0.32752
-0.32744
-0.32866
-0.32970
-0.33075
-0.32968
-0.32864
-0.32970
-0.32969
-0.33072
-0.32954
-0.32962
-0.32843
-0.32959
-0.33178
-0.33181
-0.33069
-0.33299
-0.33077
-0.33185
-0.33059
-0.33180
-0.33188
-0.33183
-0.33177
-0.33290
-0.33082
-0.33282
-0.33169
-0.33185
-0.33180
-0.33402
-0.33288
-0.33178
-0.33293
-0.33180
-0.33395
-0.33169
-0.33174
-0.33509
-0.33510
-0.33293
-0.33176
-0.33291
-0.33178
-0.33291
-0.33393
-0.33076
-0.33181
-0.33070
-0.33286
-0.33179
-0.33296
-0.33272
-0.32955
-0.33286
-0.33284
-0.33284
-0.32965
-0.33069
-0.33284
-0.33174
-0.33084
-0.32956
-0.33077
-0.32861
-0.32949
-0.33075
-0.32969
-0.33067
-0.33074
-0.32955
-0.33070
-0.32965
-0.33185
-0.32968
-0.32846
-0.32969
-0.32970
-0.32966
-0.33401
-0.33076
-0.32960
-0.33078
-0.32964
-0.32848
-0.32855
-0.33077
-0.33191
-0.32853
-0.32960
-0.33075
-0.32963
-0.33061
-0.32856
-0.32849
-0.32948
-0.33069
-0.33176
-0.32965
-0.33076
-0.33071
-0.33177
-0.33178
-0.33289
-0.33070
-0.33180
-0.33288
-0.33297
-0.33180
-0.33067
-0.33290
-0.33281
-0.33181
-0.33509
-0.33507
-0.33288
-0.33187
-0.33404
-0.33394
-0.33515
-0.33505
-0.33177
-0.33500
-0.33399
-0.33294
-0.33288
-0.33390
-0.33283
-0.33285
-0.33511
-0.33290
-0.33511
-0.33399
-0.33276
-0.33619
-0.33391
-0.33390
-0.32953
-0.33168
-0.33282
-0.33168
-0.33170
-0.33281
-0.33397
-0.33397
-0.33511
-0.33396
-0.33181
-0.33176
-0.33176
-0.33405
-0.33278
-0.33293
-0.33500
-0.33296
-0.33071
-0.33167
-0.33290
-0.33176
-0.33175
-0.33295
-0.33063
-0.33179
-0.33180
-0.33179
-0.33290
-0.33054
-0.32952
-0.32851
-0.33287
-0.33287
-0.33505
-0.33057
-0.33055
-0.33174
-0.33280
-0.33290
-0.33056
-0.33390
-0.33283
-0.32953
-0.33279
-0.33387
-0.33396
-0.32952
-0.33179
-0.33288
-0.33285
-0.33281
-0.33067
-0.33287
-0.33178
-0.33278
-0.33283
-0.33173
-0.33392
-0.33173
-0.33282
-0.33165
-0.33170
-0.33060
-0.33059
-0.33385
-0.33284
-0.33508
-0.33175
-0.33066
-0.33288
-0.33281
-0.33183
-0.33393
-0.33062
-0.33395
-0.33177
-0.33288
-0.33065
-0.33169
-0.33286
-0.33500
-0.33176
-0.33285
-0.33173
-0.33175
-0.33280
-0.33170
-0.33168
-0.33285
-0.33271
-0.33283
-0.33292
-0.33382
-0.33272
-0.33394
-0.33500
-0.33388
-0.33172
-0.33507
-0.33279
-0.33291
-0.33178
-0.33602
-0.33069
-0.33382
-0.33503
-0.33500
-0.33613
-0.33393
-0.33504
-0.33395
-0.33495
-0.33501
-0.33178
-0.33281
-0.33502
-0.33396
-0.33511
-0.33612
-0.33494
-0.33289
-0.33497
-0.33286
-0.33393
-0.33389
-0.33510
-0.33391
-0.33392
-0.33621
-0.33610
-0.33396
-0.33498
-0.33066
-0.33400
-0.33501
-0.33289
-0.33613
-0.33385
-0.33291
-0.33397
-0.33508
-0.33280
-0.33398
-0.33381
-0.33492
-0.33389
-0.33073
-0.33389
-0.33281
-0.33511
-0.33395
-0.33061
-0.33500
-0.33725
-0.33176
-0.33388
-0.33286
-0.33169
-0.33398
-0.33504
-0.33390
-0.33279
-0.33610
-0.33287
-0.33394
-0.33276
-0.33284
-0.33499
-0.33389
-0.33171
-0.33613
-0.33387
-0.33172
-0.33499
-0.33281
-0.33606
-0.33391
-0.33172
-0.33494
-0.33499
-0.33395
-0.33713
-0.33616
-0.33378
-0.33390
-0.33402
-0.33493
-0.33391
-0.33385
-0.33387
-0.33491
-0.33607
-0.33604
-0.33392
-0.33610
-0.33279
-0.33494
-0.33505
-0.33267
-0.33494
-0.33494
-0.33388
-0.33611
-0.33616
-0.33390
-0.33826
-0.33500
-0.33490
-0.33287
-0.33390
-0.33384
-0.33502
-0.33723
-0.33281
-0.33504
-0.33386
-0.33495
-0.33619
-0.33707
-0.33388
-0.33378
-0.33493
-0.33499
-0.33175
-0.33391
-0.33500
-0.33383
-0.33387
-0.33608
-0.33604
-0.33175
-0.33717
-0.33174
-0.33389
-0.33396
-0.33384
-0.33490
-0.33613
-0.33499
-0.33276
-0.33616
-0.33390
-0.33396
-0.33498
-0.33495
-0.33168
-0.33498
-0.33282
-0.33383
-0.33397
-0.33400
-0.33605
-0.33390
-0.33606
-0.33716
-0.33382
-0.33619
-0.33268
-0.33605
-0.33389
-0.33506
-0.33390
-0.33171
-0.33618
-0.33496
-0.33609
-0.33616
-0.33609
-0.33505
-0.33266
-0.33604
-0.33502
-0.33499
-0.33837
-0.33603
-0.33723
-0.33616
-0.33835
-0.33508
-0.33606
-0.33501
-0.33610
-0.33497
-0.33609
-0.33618
-0.33505
-0.33504
-0.33719
-0.33377
-0.33616
-0.33393
-0.33611
-0.33499
-0.33279
-0.33726
-0.33505
-0.33495
-0.33499
-0.33498
-0.33611
-0.33391
-0.33379
-0.33502
-0.33611
-0.33279
-0.33392
-0.33383
-0.33389
-0.33394
-0.33720
-0.33177
-0.33281
-0.33388
-0.33162
-0.33391
-0.33161
-0.33604
-0.33503
-0.33499
-0.33381
-0.33499
-0.33275
-0.33386
-0.33272
-0.33387
-0.33382
-0.33493
-0.33605
-0.33495
-0.33612
-0.33500
-0.33485
-0.33494
-0.33391
-0.33276
-0.33605
-0.33493
-0.33609
-0.33716
-0.33824
-0.33484
-0.33280
-0.33497
-0.33493
-0.33500
-0.33705
-0.33489
-0.33502
-0.33278
-0.33604
-0.33502
-0.33488
-0.33389
-0.33387
-0.33601
-0.33613
-0.33381
-0.33490
-0.33716
-0.33612
-0.33500
-0.33386
-0.33394
-0.33718
-0.33490
-0.33603
-0.33712
-0.33609
-0.33722
-0.33501
-0.33174
-0.33388
-0.33610
-0.33497
-0.33164
-0.33501
-0.33492
-0.33830
-0.33388
-0.33494
-0.33721
-0.33604
-0.33497
-0.33280
-0.33489
-0.33383
-0.33502
-0.33937
-0.33392
-0.33617
-0.33723
-0.33499
-0.33392
-0.33711
-0.33609
-0.33499
-0.33393
-0.33393
-0.33392
-0.33604
-0.33280
-0.33604
-0.33828
-0.33505
-0.33389
-0.33284
-0.33942
-0.33606
-0.33504
-0.33713
-0.33273
-0.33503
-0.33611
-0.33385
-0.33615
-0.33599
-0.33500
-0.33606
-0.33606
-0.33609
-0.33725
-0.33719
-0.33501
-0.33492
-0.33279
-0.33281
-0.33945
-0.33715
-0.33607
-0.33492
-0.33610
-0.33383
-0.33831
-0.33491
-0.33286
-0.33611
-0.33605
-0.33611
-0.33394
-0.33492
-0.33502
-0.33383
-0.33834
-0.33594
-0.33605
-0.33725
-0.33495
-0.33604
-0.33615
-0.33722
-0.33720
-0.33715
-0.33722
-0.33719
-0.33712
-0.33835
-0.33604
-0.33613
-0.33947
-0.33604
-0.33604
-0.33498
-0.33602
-0.33832
-0.33721
-0.33720
-0.33494
-0.33713
-0.33605
-0.33718
-0.33607
-0.33609
-0.33608
-0.33502
-0.33942
-0.33493
-0.33492
-0.33392
-0.33391
-0.33507
-0.33389
-0.33397
-0.33493
-0.33497
-0.33499
-0.33490
-0.33173
-0.33397
-0.33719
-0.33717
-0.33282
-0.33389
-0.33281
-0.33274
-0.33380
-0.33384
-0.33276
-0.33722
-0.33501
-0.33609
-0.33395
-0.33496
-0.33506
-0.33494
-0.33491
-0.33607
-0.33279
-0.33384
-0.33391
-0.33386
-0.33725
-0.33608
-0.33607
-0.33606
-0.33496
-0.33501
-0.33502
-0.33504
-0.33724
-0.33600
-0.33488
-0.33496
-0.33717
-0.33616
-0.33610
-0.33614
-0.33718
-0.33720
-0.33720
-0.34051
-0.33829
-0.33387
-0.33608
-0.33723
-0.33825
-0.33829
-0.33617
-0.33605
-0.33597
-0.33606
-0.33937
-0.33717
-0.33829
-0.33935
-0.33610
-0.33598
-0.33599
-0.33937
-0.33826
-0.33608
-0.33606
-0.33607
-0.33719
-0.33607
-0.33717
-0.33611
-0.33721
-0.33719
-0.33823
-0.33729
-0.33497
-0.33826
-0.33725
-0.33613
-0.33493
-0.33490
-0.33712
-0.33611
-0.33607
-0.33610
-0.33392
-0.33605
-0.33489
-0.33714
-0.33267
-0.33393
-0.33388
-0.33388
-0.33509
-0.33491
-0.33277
-0.33833
-0.33611
-0.33397
-0.33605
-0.33389
-0.33500
-0.33495
-0.33501
-0.33501
-0.33396
-0.33508
-0.33714
-0.33398
-0.33286
-0.33612
-0.33279
-0.33395
-0.33602
-0.33386
-0.33500
-0.33613
-0.33612
-0.33502
-0.33275
-0.33490
-0.33607
-0.33611
-0.33397
-0.33500
-0.33488
-0.33492
-0.33831
-0.33488
-0.33609
-0.33498
-0.33610
-0.33836
-0.33487
-0.33610
-0.33716
-0.33503
-0.33727
-0.33598
-0.33606
-0.33496
-0.33603
-0.33501
-0.33832
-0.33497
-0.33616
-0.33823
-0.33828
-0.33718
-0.33828
-0.33711
-0.33494
-0.33598
-0.33501
-0.33387
-0.33612
-0.33718
-0.33717
-0.33612
-0.33601
-0.33392
-0.33513
-0.33604
-0.33612
-0.33495
-0.33611
-0.33607
-0.33491
-0.33721
-0.33716
-0.33503
-0.33717
-0.33717
-0.33505
-0.33714
-0.33602
-0.33392
-0.33496
-0.33498
-0.33500
-0.33162
-0.33614
-0.33380
-0.33394
-0.33394
-0.33385
-0.33613
-0.33504
-0.33399
-0.33158
-0.33506
-0.33613
-0.33499
-0.33389
-0.33383
-0.33500
-0.33271
-0.33503
-0.33170
-0.33382
-0.33285
-0.33386
-0.33394
-0.33276
-0.33490
-0.33505
-0.33611
-0.33611
-0.33387
-0.33379
-0.33499
-0.33612
-0.33615
-0.33386
-0.33612
-0.33830
-0.33607
-0.33832
-0.33823
-0.33613
-0.33618
-0.33612
-0.33820
-0.33612
-0.33709
-0.33612
-0.33611
-0.33614
-0.33826
-0.33611
-0.33935
-0.33613
-0.33489
-0.33609
-0.33616
-0.33606
-0.33838
-0.33607
-0.33712
-0.33615
-0.33710
-0.33709
-0.33396
-0.33614
-0.33721
-0.33829
-0.33499
-0.33398
-0.33720
-0.33507
-0.33727
-0.33719
-0.33285
-0.33500
-0.33622
-0.33500
-0.33505
-0.33284
-0.33609
-0.33286
-0.33400
-0.33503
-0.33292
-0.33395
-0.33501
-0.33282
-0.33397
-0.33506
-0.33173
-0.33398
-0.33400
-0.33066
-0.33510
-0.33280
-0.33176
-0.33277
-0.33071
-0.33390
-0.33175
-0.33393
-0.33394
-0.33394
-0.33175
-0.33395
-0.33291
-0.33388
-0.33616
-0.33385
-0.33511
-0.33491
-0.33605
-0.33502
-0.33505
-0.33405
-0.33504
-0.33623
-0.33507
-0.33614
-0.33608
-0.33938
-0.33496
-0.33834
-0.33941
-0.33721
-0.33721
-0.33719
-0.33721
-0.33727
-0.33723
-0.33612
-0.33828
-0.33607
-0.34053
-0.33607
-0.33825
-0.33836
-0.33934
-0.33621
-0.33718
-0.33836
-0.33498
-0.33718
-0.33830
-0.33832
-0.33286
-0.33616
-0.33609
-0.33725
-0.33616
-0.33506
-0.33507
-0.33490
-0.33511
-0.33606
-0.33507
-0.33507
-0.33282
-0.33284
-0.33619
-0.33294
-0.33287
-0.33291
-0.33394
-0.33174
-0.33399
-0.33179
-0.33397
-0.33291
-0.33292
-0.33512
-0.33183
-0.33509
-0.33174
-0.33293
-0.33180
-0.33174
-0.33185
-0.33181
-0.33290
-0.33065
-0.33066
-0.33179
-0.33164
-0.33064
-0.33518
-0.33181
-0.33293
-0.33183
-0.33064
-0.33398
-0.33183
-0.33512
-0.33389
-0.33403
-0.33725
-0.33499
-0.33504
-0.33386
-0.33396
-0.33835
-0.33505
-0.33612
-0.33502
-0.33614
-0.33605
-0.33837
-0.33726
-0.33500
-0.33611
-0.33507
-0.33824
-0.33715
-0.33616
-0.33725
-0.33620
-0.33609
-0.33723
-0.33831
-0.33835
-0.33617
-0.33612
-0.33612
-0.34052
-0.33725
-0.33725
-0.33607
-0.33717
-0.33616
-0.33608
-0.33610
-0.33608
-0.33391
-0.33615
-0.33612
-0.33518
-0.33726
-0.33830
-0.33182
-0.33392
-0.33503
-0.33403
-0.33626
-0.33275
-0.33399
-0.32955
-0.33073
-0.33395
-0.33287
-0.33287
-0.33284
-0.33296
-0.33292
-0.33292
-0.33185
-0.33183
-0.33292
-0.33286
-0.33079
-0.33069
-0.33395
-0.33286
-0.33286
-0.33280
-0.33192
-0.33283
-0.33518
-0.33287
-0.33184
-0.33182
-0.33288
-0.33071
-0.33286
-0.33182
-0.33074
-0.33513
-0.33175
-0.33292
-0.33296
-0.33176
-0.33173
-0.33291
-0.33299
-0.33398
-0.33164
-0.33401
-0.33289
-0.33399
-0.33623
-0.33615
-0.33391
-0.33508
-0.33616
-0.33512
-0.33400
-0.33624
-0.33509
-0.33502
-0.33734
-0.33616
-0.33508
-0.33393
-0.33724
-0.33403
-0.33497
-0.33610
-0.33613
-0.33724
-0.33402
