0.28156
0.51363
0.33634
0.31401
-0.09810
0.12594
-0.04162
0.57226
0.38676
0.85722
0.20348
0.40934
-0.39483
0.07525
-0.42042
0.38535
-0.11254
0.48689
-0.40126
-0.04687
-0.93576
-0.29254
-0.77582
0.13838
-0.31702
0.31239
-0.45838
-0.08468
-0.74170
-0.10750
-0.32342
0.46117
0.24113
0.62438
0.10938
0.20101
-0.14185
0.16532
0.24999
0.59739
0.62492
0.50271
0.25929
-0.12205
-0.12707
-0.26433
0.15554
0.03415
0.36709
-0.19593
-0.08849
-0.79692
-0.38867
-0.77240
0.03166
-0.32583
0.32664
-0.42323
-0.00087
-0.78962
-0.07925
-0.49701
0.49701
0.07925
0.78962
0.00087
0.42323
-0.32664
0.32583
-0.03166
0.77240
0.38867
0.79692
0.08849
0.19593
-0.36709
-0.03415
-0.15554
0.26433
0.12707
0.12205
-0.25929
-0.50271
-0.62492
-0.59739
-0.24999
-0.16532
0.14185
-0.20101
-0.10938
-0.62438
-0.24113
-0.46117
0.32342
0.10750
0.74170
0.08468
0.45838
-0.31239
0.31702
-0.13838
0.77582
0.29254
0.93576
0.04687
0.40126
-0.48689
0.11254
-0.38535
0.42042
-0.07525
0.39483
-0.40934
-0.20348
-0.85722
-0.38676
-0.57226
0.04162
-0.12594
0.09810
-0.31401
-0.33634
-0.51363
-0.28156
0.00000
0.28156
0.51363
0.33634
0.31401
-0.09810
0.12594
-0.04162
0.57226
0.38676
0.85722
0.20348
0.40934
-0.39483
0.07525
-0.42042
0.38535
-0.11254
0.48689
-0.40126
-0.04687
-0.93576
-0.29254
-0.77582
0.13838
-0.31702
0.31239
-0.45838
-0.08468
-0.74170
-0.10750
-0.32342
0.46117
0.24113
0.62438
0.10938
0.20101
-0.14185
0.16532
0.24999
0.59739
0.62492
0.50271
0.25929
-0.12205
-0.12707
-0.26433
0.15554
0.03415
0.36709
-0.19593
-0.08849
-0.79692
-0.38867
-0.77240
0.03166
-0.32583
0.32664
-0.42323
-0.00087
-0.78962
-0.07925
-0.49701
0.49701
0.07925
0.78962
0.00087
0.42323
-0.32664
0.32583
-0.03166
0.77240
0.38867
0.79692
0.08849
0.19593
-0.36709
-0.03415
-0.15554
0.26433
0.12707
0.12205
-0.25929
-0.50271
-0.62492
-0.59739
-0.24999
-0.16532
0.14185
-0.20101
-0.10938
-0.62438
-0.24113
-0.46117
0.32342
0.10750
0.74170
0.08468
0.45838
-0.31239
0.31702
-0.13838
0.77582
0.29254
0.93576
0.04687
0.40126
-0.48689
0.11254
-0.38535
0.42042
-0.07525
0.39483
-0.40934
-0.20348
-0.85722
-0.38676
-0.57226
0.04162
-0.12594
0.09810
-0.31401
-0.33634
-0.51363
-0.28156
0.00000
0.28156
0.51363
0.33634
0.31401
-0.09810
0.12594
-0.04162
0.57226
0.38676
0.85722
0.20348
0.40934
-0.39483
0.07525
-0.42042
0.38535
-0.11254
0.48689
-0.40126
-0.04687
-0.93576
-0.29254
-0.77582
0.13838
-0.31702
0.31239
-0.45838
-0.08468
-0.74170
-0.10750
-0.32342
0.46117
0.24113
0.62438
0.10938
0.20101
-0.14185
0.16532
0.24999
0.59739
0.62492
0.50271
0.25929
-0.12205
-0.12707
-0.26433
0.15554
0.03415
0.36709
-0.19593
-0.08849
-0.79692
-0.38867
-0.77240
0.03166
-0.32583
0.32664
-0.42323
-0.00087
-0.78962
-0.07925
-0.49701
0.49701
0.07925
0.78962
0.00087
0.42323
-0.32664
0.32583
-0.03166
0.77240
0.38867
0.79692
0.08849
0.19593
-0.36709
-0.03415
-0.15554
0.26433
0.12707
0.12205
-0.25929
-0.50271
-0.62492
-0.59739
-0.24999
-0.16532
0.14185
-0.20101
-0.10938
-0.62438
-0.24113
-0.46117
0.32342
0.10750
0.74170
0.08468
0.45838
-0.31239
0.31702
-0.13838
0.77582
0.29254
0.93576
0.04687
0.40126
-0.48689
0.11254
-0.38535
0.42042
-0.07525
0.39483
-0.40934
-0.20348
-0.85722
-0.38676
-0.57226
0.04162
-0.12594
0.09810
-0.31401
-0.33634
-0.51363
-0.28156
0.00000
0.28156
0.51363
0.33634
0.31401
-0.09810
0.12594
-0.04162
0.57226
0.38676
0.85722
0.20348
0.40934
-0.39483
0.07525
-0.42042
0.38535
-0.11254
0.48689
-0.40126
-0.04687
-0.93576
-0.29254
-0.77582
0.13838
-0.31702
0.31239
-0.45838
-0.08468
-0.74170
-0.10750
-0.32342
0.46117
0.24113
0.62438
0.10938
0.20101
-0.14185
0.16532
0.24999
0.59739
0.62492
0.50271
0.25929
-0.12205
-0.12707
-0.26433
0.15554
0.03415
0.36709
-0.19593
-0.08849
-0.79692
-0.38867
-0.77240
0.03166
-0.32583
0.32664
-0.42323
-0.00087
-0.78962
-0.07925
-0.49701
0.49701
0.07925
0.78962
0.00087
0.42323
-0.32664
0.32583
-0.03166
0.77240
0.38867
0.79692
0.08849
0.19593
-0.36709
-0.03415
-0.15554
0.26433
0.12707
0.12205
-0.25929
-0.50271
-0.62492
-0.59739
-0.24999
-0.16532
0.14185
-0.20101
-0.10938
-0.62438
-0.24113
-0.46117
0.32342
0.10750
0.74170
0.08468
0.45838
-0.31239
0.31702
-0.13838
0.77582
0.29254
0.93576
0.04687
0.40126
-0.48689
0.11254
-0.38535
0.42042
-0.07525
0.39483
-0.40934
-0.20348
-0.85722
-0.38676
-0.57226
0.04162
-0.12594
0.09810
-0.31401
-0.33634
-0.51363
-0.28156
0.00000
0.28156
0.51363
0.33634
0.31401
-0.09810
0.12594
-0.04162
0.57226
0.38676
0.85722
0.20348
0.40934
-0.39483
0.07525
-0.42042
0.38535
-0.11254
0.48689
-0.40126
-0.04687
-0.93576
-0.29254
-0.77582
0.13838
-0.31702
0.31239
-0.45838
-0.08468
-0.74170
-0.10750
-0.32342
0.46117
0.24113
0.62438
0.10938
0.20101
-0.14185
0.16532
0.24999
0.59739
0.62492
0.50271
0.25929
-0.12205
-0.12707
-0.26433
0.15554
0.03415
0.36709
-0.19593
-0.08849
-0.79692
-0.38867
-0.77240
0.03166
-0.32583
0.32664
-0.42323
-0.00087
-0.78962
-0.07925
-0.49701
0.49701
0.07925
0.78962
0.00087
0.42323
-0.32664
0.32583
-0.03166
0.77240
0.38867
0.79692
0.08849
0.19593
-0.36709
-0.03415
-0.15554
0.26433
0.12707
0.12205
-0.25929
-0.50271
-0.62492
-0.59739
-0.24999
-0.16532
0.14185
-0.20101
-0.10938
-0.62438
-0.24113
-0.46117
0.32342
0.10750
0.74170
0.08468
0.45838
-0.31239
0.31702
-0.13838
0.77582
0.29254
0.93576
0.04687
0.40126
-0.48689
0.11254
-0.38535
0.42042
-0.07525
0.39483
-0.40934
-0.20348
-0.85722
-0.38676
-0.57226
0.04162
-0.12594
0.09810
-0.31401
-0.33634
-0.51363
-0.28156
0.00000
0.28156
0.51363
0.33634
0.31401
-0.09810
0.12594
-0.04162
0.57226
0.38676
0.85722
0.20348
0.40934
-0.39483
0.07525
-0.42042
0.38535
-0.11254
0.48689
-0.40126
-0.04687
-0.93576
-0.29254
-0.77582
0.13838
-0.31702
0.31239
-0.45838
-0.08468
-0.74170
-0.10750
-0.32342
0.46117
0.24113
0.62438
0.10938
0.20101
-0.14185
0.16532
0.24999
0.59739
0.62492
0.50271
0.25929
-0.12205
-0.12707
-0.26433
0.15554
0.03415
0.36709
-0.19593
-0.08849
-0.79692
-0.38867
-0.77240
0.03166
-0.32583
0.32664
-0.42323
-0.00087
-0.78962
-0.07925
-0.49701
0.49701
0.07925
0.78962
0.00087
0.42323
-0.32664
0.32583
-0.03166
0.77240
0.38867
0.79692
0.08849
0.19593
-0.36709
-0.03415
-0.15554
0.26433
0.12707
0.12205
-0.25929
-0.50271
-0.62492
-0.59739
-0.24999
-0.16532
0.14185
-0.20101
-0.10938
-0.62438
-0.24113
-0.46117
0.32342
0.10750
0.74170
0.08468
0.45838
-0.31239
0.31702
-0.13838
0.77582
0.29254
0.93576
0.04687
0.40126
-0.48689
0.11254
-0.38535
0.42042
-0.07525
0.39483
-0.40934
-0.20348
-0.85722
-0.38676
-0.57226
0.04162
-0.12594
0.09810
-0.31401
-0.33634
-0.51363
-0.28156
0.00000
0.28156
0.51363
0.33634
0.31401
-0.09810
0.12594
-0.04162
0.57226
0.38676
0.85722
0.20348
0.40934
-0.39483
0.07525
-0.42042
0.38535
-0.11254
0.48689
-0.40126
-0.04687
-0.93576
-0.29254
-0.77582
0.13838
-0.31702
0.31239
-0.45838
-0.08468
-0.74170
-0.10750
-0.32342
0.46117
0.24113
0.62438
0.10938
0.20101
-0.14185
0.16532
0.24999
0.59739
0.62492
0.50271
0.25929
-0.12205
-0.12707
-0.26433
0.15554
0.03415
0.36709
-0.19593
-0.08849
-0.79692
-0.38867
-0.77240
0.03166
-0.32583
0.32664
-0.42323
-0.00087
-0.78962
-0.07925
-0.49701
0.49701
0.07925
0.78962
0.00087
0.42323
-0.32664
0.32583
-0.03166
0.77240
0.38867
0.79692
0.08849
0.19593
-0.36709
-0.03415
-0.15554
0.26433
0.12707
0.12205
-0.25929
-0.50271
-0.62492
-0.59739
-0.24999
-0.16532
0.14185
-0.20101
-0.10938
-0.62438
-0.24113
-0.46117
0.32342
0.10750
0.74170
0.08468
0.45838
-0.31239
0.31702
-0.13838
0.77582
0.29254
0.93576
0.04687
0.40126
-0.48689
0.11254
-0.38535
0.42042
-0.07525
0.39483
-0.40934
-0.20348
-0.85722
-0.38676
-0.57226
0.04162
-0.12594
0.09810
-0.31401
-0.33634
-0.51363
-0.28156
0.00000
0.28156
0.51363
0.33634
0.31401
-0.09810
0.12594
-0.04162
0.57226
0.38676
0.85722
0.20348
0.40934
-0.39483
0.07525
-0.42042
0.38535
-0.11254
0.48689
-0.40126
-0.04687
-0.93576
-0.29254
-0.77582
0.13838
-0.31702
0.31239
-0.45838
-0.08468
-0.74170
-0.10750
-0.32342
0.46117
0.24113
0.62438
0.10938
0.20101
-0.14185
0.16532
0.24999
0.59739
0.62492
0.50271
0.25929
-0.12205
-0.12707
-0.26433
0.15554
0.03415
0.36709
-0.19593
-0.08849
-0.79692
-0.38867
-0.77240
0.03166
-0.32583
0.32664
-0.42323
-0.00087
-0.78962
-0.07925
-0.49701
0.49701
0.07925
0.78962
0.00087
0.42323
-0.32664
0.32583
-0.03166
0.77240
0.38867
0.79692
0.08849
0.19593
-0.36709
-0.03415
-0.15554
0.26433
0.12707
0.12205
-0.25929
-0.50271
-0.62492
-0.59739
-0.24999
-0.16532
0.14185
-0.20101
-0.10938
-0.62438
-0.24113
-0.46117
0.32342
0.10750
0.74170
0.08468
0.45838
-0.31239
0.31702
-0.13838
0.77582
0.29254
0.93576
0.04687
0.40126
-0.48689
0.11254
-0.38535
0.42042
-0.07525
0.39483
-0.40934
-0.20348
-0.85722
-0.38676
-0.57226
0.04162
-0.12594
0.09810
-0.31401
-0.33634
-0.51363
-0.28156
0.00000
0.28156
0.51363
0.33634
0.31401
-0.09810
0.12594
-0.04162
0.57226
0.38676
0.85722
0.20348
0.40934
-0.39483
0.07525
-0.42042
0.38535
-0.11254
0.48689
-0.40126
-0.04687
-0.93576
-0.29254
-0.77582
0.13838
-0.31702
0.31239
-0.45838
-0.08468
-0.74170
-0.10750
-0.32342
0.46117
0.24113
0.62438
0.10938
0.20101
-0.14185
0.16532
0.24999
0.59739
0.62492
0.50271
0.25929
-0.12205
-0.12707
-0.26433
0.15554
0.03415
0.36709
-0.19593
-0.08849
-0.79692
-0.38867
-0.77240
0.03166
-0.32583
0.32664
-0.42323
-0.00087
-0.78962
-0.07925
-0.49701
0.49701
0.07925
0.78962
0.00087
0.42323
-0.32664
0.32583
-0.03166
0.77240
0.38867
0.79692
0.08849
0.19593
-0.36709
-0.03415
-0.15554
0.26433
0.12707
0.12205
-0.25929
-0.50271
-0.62492
-0.59739
-0.24999
-0.16532
0.14185
-0.20101
-0.10938
-0.62438
-0.24113
-0.46117
0.32342
0.10750
0.74170
0.08468
0.45838
-0.31239
0.31702
-0.13838
0.77582
0.29254
0.93576
0.04687
0.40126
-0.48689
0.11254
-0.38535
0.42042
-0.07525
0.39483
-0.40934
-0.20348
-0.85722
-0.38676
-0.57226
0.04162
-0.12594
0.09810
-0.31401
-0.33634
-0.51363
-0.28156
0.00000
0.28156
0.51363
0.33634
0.31401
-0.09810
0.12594
-0.04162
0.57226
0.38676
0.85722
0.20348
0.40934
-0.39483
0.07525
-0.42042
0.38535
-0.11254
0.48689
-0.40126
-0.04687
-0.93576
-0.29254
-0.77582
0.13838
-0.31702
0.31239
-0.45838
-0.08468
-0.74170
-0.10750
-0.32342
0.46117
0.24113
0.62438
0.10938
0.20101
-0.14185
0.16532
0.24999
0.59739
0.62492
0.50271
0.25929
-0.12205
-0.12707
-0.26433
0.15554
0.03415
0.36709
-0.19593
-0.08849
-0.79692
-0.38867
-0.77240
0.03166
-0.32583
0.32664
-0.42323
-0.00087
-0.78962
-0.07925
-0.49701
0.49701
0.07925
0.78962
0.00087
0.42323
-0.32664
0.32583
-0.03166
0.77240
0.38867
0.79692
0.08849
0.19593
-0.36709
-0.03415
-0.15554
0.26433
0.12707
0.12205
-0.25929
-0.50271
-0.62492
-0.59739
-0.24999
-0.16532
0.14185
-0.20101
-0.10938
-0.62438
-0.24113
-0.46117
0.32342
0.10750
0.74170
0.08468
0.45838
-0.31239
0.31702
-0.13838
0.77582
0.29254
0.93576
0.04687
0.40126
-0.48689
0.11254
-0.38535
0.42042
-0.07525
0.39483
-0.40934
-0.20348
-0.85722
-0.38676
-0.57226
0.04162
-0.12594
0.09810
-0.31401
-0.33634
-0.51363
-0.28156
0.00000
0.28156
0.51363
0.33634
0.31401
-0.09810
0.12594
-0.04162
0.57226
0.38676
0.85722
0.20348
0.40934
-0.39483
0.07525
-0.42042
0.38535
-0.11254
0.48689
-0.40126
-0.04687
-0.93576
-0.29254
-0.77582
0.13838
-0.31702
0.31239
-0.45838
-0.08468
-0.74170
-0.10750
-0.32342
0.46117
0.24113
0.62438
0.10938
0.20101
-0.14185
0.16532
0.24999
0.59739
0.62492
0.50271
0.25929
-0.12205
-0.12707
-0.26433
0.15554
0.03415
0.36709
-0.19593
-0.08849
-0.79692
-0.38867
-0.77240
0.03166
-0.32583
0.32664
-0.42323
-0.00087
-0.78962
-0.07925
-0.49701
0.49701
0.07925
0.78962
0.00087
0.42323
-0.32664
0.32583
-0.03166
0.77240
0.38867
0.79692
0.08849
0.19593
-0.36709
-0.03415
-0.15554
0.26433
0.12707
0.12205
-0.25929
-0.50271
-0.62492
-0.59739
-0.24999
-0.16532
0.14185
-0.20101
-0.10938
-0.62438
-0.24113
-0.46117
0.32342
0.10750
0.74170
0.08468
0.45838
-0.31239
0.31702
-0.13838
0.77582
0.29254
0.93576
0.04687
0.40126
-0.48689
0.11254
-0.38535
0.42042
-0.07525
0.39483
-0.40934
-0.20348
-0.85722
-0.38676
-0.57226
0.04162
-0.12594
0.09810
-0.31401
-0.33634
-0.51363
-0.28156
0.00000
0.28156
0.51363
0.33634
0.31401
-0.09810
0.12594
-0.04162
0.57226
0.38676
0.85722
0.20348
0.40934
-0.39483
0.07525
-0.42042
0.38535
-0.11254
0.48689
-0.40126
-0.04687
-0.93576
-0.29254
-0.77582
0.13838
-0.31702
0.31239
-0.45838
-0.08468
-0.74170
-0.10750
-0.32342
0.46117
0.24113
0.62438
0.10938
0.20101
-0.14185
0.16532
0.24999
0.59739
0.62492
0.50271
0.25929
-0.12205
-0.12707
-0.26433
0.15554
0.03415
0.36709
-0.19593
-0.08849
-0.79692
-0.38867
-0.77240
0.03166
-0.32583
0.32664
-0.42323
-0.00087
-0.78962
-0.07925
-0.49701
0.49701
0.07925
0.78962
0.00087
0.42323
-0.32664
0.32583
-0.03166
0.77240
0.38867
0.79692
0.08849
0.19593
-0.36709
-0.03415
-0.15554
0.26433
0.12707
0.12205
-0.25929
-0.50271
-0.62492
-0.59739
-0.24999
-0.16532
0.14185
-0.20101
-0.10938
-0.62438
-0.24113
-0.46117
0.32342
0.10750
0.74170
0.08468
0.45838
-0.31239
0.31702
-0.13838
0.77582
0.29254
0.93576
0.04687
0.40126
-0.48689
0.11254
-0.38535
0.42042
-0.07525
0.39483
-0.40934
-0.20348
-0.85722
-0.38676
-0.57226
0.04162
-0.12594
0.09810
-0.31401
-0.33634
-0.51363
-0.28156
0.00000
0.28156
0.51363
0.33634
0.31401
-0.09810
0.12594
-0.04162
0.57226
0.38676
0.85722
0.20348
0.40934
-0.39483
0.07525
-0.42042
0.38535
-0.11254
0.48689
-0.40126
-0.04687
-0.93576
-0.29254
-0.77582
0.13838
-0.31702
0.31239
-0.45838
-0.08468
-0.74170
-0.10750
-0.32342
0.46117
0.24113
0.62438
0.10938
0.20101
-0.14185
0.16532
0.24999
0.59739
0.62492
0.50271
0.25929
-0.12205
-0.12707
-0.26433
0.15554
0.03415
0.36709
-0.19593
-0.08849
-0.79692
-0.38867
-0.77240
0.03166
-0.32583
0.32664
-0.42323
-0.00087
-0.78962
-0.07925
-0.49701
0.49701
0.07925
0.78962
0.00087
0.42323
-0.32664
0.32583
-0.03166
0.77240
0.38867
0.79692
0.08849
0.19593
-0.36709
-0.03415
-0.15554
0.26433
0.12707
0.12205
-0.25929
-0.50271
-0.62492
-0.59739
-0.24999
-0.16532
0.14185
-0.20101
-0.10938
-0.62438
-0.24113
-0.46117
0.32342
0.10750
0.74170
0.08468
0.45838
-0.31239
0.31702
-0.13838
0.77582
0.29254
0.93576
0.04687
0.40126
-0.48689
0.11254
-0.38535
0.42042
-0.07525
0.39483
-0.40934
-0.20348
-0.85722
-0.38676
-0.57226
0.04162
-0.12594
0.09810
-0.31401
-0.33634
-0.51363
-0.28156
0.00000
0.28156
0.51363
0.33634
0.31401
-0.09810
0.12594
-0.04162
0.57226
0.38676
0.85722
0.20348
0.40934
-0.39483
0.07525
-0.42042
0.38535
-0.11254
0.48689
-0.40126
-0.04687
-0.93576
-0.29254
-0.77582
0.13838
-0.31702
0.31239
-0.45838
-0.08468
-0.74170
-0.10750
-0.32342
0.46117
0.24113
0.62438
0.10938
0.20101
-0.14185
0.16532
0.24999
0.59739
0.62492
0.50271
0.25929
-0.12205
-0.12707
-0.26433
0.15554
0.03415
0.36709
-0.19593
-0.08849
-0.79692
-0.38867
-0.77240
0.03166
-0.32583
0.32664
-0.42323
-0.00087
-0.78962
-0.07925
-0.49701
0.49701
0.07925
0.78962
0.00087
0.42323
-0.32664
0.32583
-0.03166
0.77240
0.38867
0.79692
0.08849
0.19593
-0.36709
-0.03415
-0.15554
0.26433
0.12707
0.12205
-0.25929
-0.50271
-0.62492
-0.59739
-0.24999
-0.16532
0.14185
-0.20101
-0.10938
-0.62438
-0.24113
-0.46117
0.32342
0.10750
0.74170
0.08468
0.45838
-0.31239
0.31702
-0.13838
0.77582
0.29254
0.93576
0.04687
0.40126
-0.48689
0.11254
-0.38535
0.42042
-0.07525
0.39483
-0.40934
-0.20348
-0.85722
-0.38676
-0.57226
0.04162
-0.12594
0.09810
-0.31401
-0.33634
-0.51363
-0.28156
0.00000
0.28156
0.51363
0.33634
0.31401
-0.09810
0.12594
-0.04162
0.57226
0.38676
0.85722
0.20348
0.40934
-0.39483
0.07525
-0.42042
0.38535
-0.11254
0.48689
-0.40126
-0.04687
-0.93576
-0.29254
-0.77582
0.13838
-0.31702
0.31239
-0.45838
-0.08468
-0.74170
-0.10750
-0.32342
0.46117
0.24113
0.62438
0.10938
0.20101
-0.14185
0.16532
0.24999
0.59739
0.62492
0.50271
0.25929
-0.12205
-0.12707
-0.26433
0.15554
0.03415
0.36709
-0.19593
-0.08849
-0.79692
-0.38867
-0.77240
0.03166
-0.32583
0.32664
-0.42323
-0.00087
-0.78962
-0.07925
-0.49701
0.49701
0.07925
0.78962
0.00087
0.42323
-0.32664
0.32583
-0.03166
0.77240
0.38867
0.79692
0.08849
0.19593
-0.36709
-0.03415
-0.15554
0.26433
0.12707
0.12205
-0.25929
-0.50271
-0.62492
-0.59739
-0.24999
-0.16532
0.14185
-0.20101
-0.10938
-0.62438
-0.24113
-0.46117
0.32342
0.10750
0.74170
0.08468
0.45838
-0.31239
0.31702
-0.13838
0.77582
0.29254
0.93576
0.04687
0.40126
-0.48689
0.11254
-0.38535
0.42042
-0.07525
0.39483
-0.40934
-0.20348
-0.85722
-0.38676
-0.57226
0.04162
-0.12594
0.09810
-0.31401
-0.33634
-0.51363
-0.28156
0.00000
0.28156
0.51363
0.33634
0.31401
-0.09810
0.12594
-0.04162
0.57226
0.38676
0.85722
0.20348
0.40934
-0.39483
0.07525
-0.42042
0.38535
-0.11254
0.48689
-0.40126
-0.04687
-0.93576
-0.29254
-0.77582
0.13838
-0.31702
0.31239
-0.45838
-0.08468
-0.74170
-0.10750
-0.32342
0.46117
0.24113
0.62438
0.10938
0.20101
-0.14185
0.16532
0.24999
0.59739
0.62492
0.50271
0.25929
-0.12205
-0.12707
-0.26433
0.15554
0.03415
0.36709
-0.19593
-0.08849
-0.79692
-0.38867
-0.77240
0.03166
-0.32583
0.32664
-0.42323
-0.00087
-0.78962
-0.07925
-0.49701
0.49701
0.07925
0.78962
0.00087
0.42323
-0.32664
0.32583
-0.03166
0.77240
0.38867
0.79692
0.08849
0.19593
-0.36709
-0.03415
-0.15554
0.26433
0.12707
0.12205
-0.25929
-0.50271
-0.62492
-0.59739
-0.24999
-0.16532
0.14185
-0.20101
-0.10938
-0.62438
-0.24113
-0.46117
0.32342
0.10750
0.74170
0.08468
0.45838
-0.31239
0.31702
-0.13838
0.77582
0.29254
0.93576
0.04687
0.40126
-0.48689
0.11254
-0.38535
0.42042
-0.07525
0.39483
-0.40934
-0.20348
-0.85722
-0.38676
-0.57226
0.04162
-0.12594
0.09810
-0.31401
-0.33634
-0.51363
-0.28156
0.00000
