0.047088623
0.105041504
0.15390015
0.2015686
0.25289917
0.30081177
0.3458252
0.39001465
0.43188477
0.47442627
0.5184326
0.56033325
0.6015625
0.64297485
0.6806946
0.7157898
0.75115967
0.7843628
0.8145447
0.84365845
0.870697
0.89523315
0.9180603
0.9377136
0.9536743
0.96777344
0.9797058
0.98883057
0.995697
0.99957275
0.9999695
0.99768066
0.99279785
0.98568726
0.9775696
0.9677429
0.9552002
0.94003296
0.92144775
0.9000244
0.87786865
0.85461426
0.82876587
0.80096436
0.7709656
0.7376709
0.7023926
0.66571045
0.6269226
0.58721924
0.5470581
0.5048218
0.46051025
0.414917
0.3675537
0.3191223
0.27056885
0.22146606
0.17266846
0.12420654
0.07376099
0.022399902
-0.02658081
-0.07470703
-0.12496948
-0.1756897
-0.2244873
-0.27215576
-0.31951904
-0.36645508
-0.41290283
-0.45846558
-0.50250244
-0.54489136
-0.58584595
-0.62561035
-0.6640625
-0.7007446
-0.7355652
-0.76864624
-0.8000183
-0.82958984
-0.8569641
-0.8817749
-0.90411377
-0.9239807
-0.9411621
-0.9561157
-0.9688721
-0.979187
-0.9871521
-0.99295044
-0.9963074
-0.99731445
-0.9960022
-0.99209595
-0.98568726
-0.97683716
-0.96536255
-0.95162964
-0.9356079
-0.9168396
-0.8953247
-0.87142944
-0.8451843
-0.816864
-0.78652954
-0.7539673
-0.71936035
-0.68304443
-0.6451111
-0.60595703
-0.56555176
-0.523407
-0.47973633
-0.4350586
-0.38928223
-0.34259033
-0.29556274
-0.24783325
-0.19894409
-0.14916992
-0.09863281
-0.048034668
0.0018005371
0.05166626
0.10241699
0.15267944
0.20135498
0.24972534
0.29852295
0.34661865
0.39337158
0.43893433
0.48312378
0.52593994
0.5677185
0.60824585
0.6470947
0.6845093
0.720459
0.75457764
0.78674316
0.81677246
0.84451294
0.8701477
0.89385986
0.9154358
0.9345703
0.9512329
0.96539307
0.9770813
0.9862976
0.99295044
0.9970398
0.99871826
0.99768066
0.9939575
0.98794556
0.9797058
0.9691467
0.9562378
0.94073486
0.9226074
0.9021301
0.8796387
0.8550415
0.82839966
0.7994995
0.7684021
0.7354431
0.7007446
0.6642456
0.62615967
0.5864868
0.5449829
0.50177
0.4574585
0.4121704
0.3659668
0.31903076
0.2709961
0.22201538
0.17272949
0.12310791
0.07333374
0.023590088
-0.026489258
-0.07687378
-0.12631226
-0.17507935
-0.22470093
-0.27459717
-0.32269287
-0.36920166
-0.41537476
-0.4607544
-0.50457764
-0.5469971
-0.58810425
-0.62771606
-0.6660156
-0.7027588
-0.7374878
-0.77020264
-0.8010559
-0.8300171
-0.8571472
-0.8822937
-0.9049072
-0.9250488
-0.9428711
-0.958313
-0.9713135
-0.9819946
-0.9902344
-0.9958191
-0.99884033
-0.9992676
-0.99728394
-0.99298096
-0.986084
-0.976593
-0.964447
-0.9498291
-0.93289185
-0.91381836
-0.8925171
-0.86883545
-0.84295654
-0.8149719
-0.78500366
-0.75302124
-0.71920776
-0.6835022
-0.6460266
-0.6069336
-0.5662842
-0.5242615
-0.48110962
-0.436615
-0.39093018
-0.34417725
-0.2965088
-0.24810791
-0.19921875
-0.14978027
-0.09979248
-0.049560547
0.00064086914
0.050750732
0.10055542
0.15020752
0.19989014
0.24902344
0.29699707
0.34429932
0.3912964
0.43719482
0.48156738
0.52474976
0.566864
0.607605
0.6468506
0.6844177
0.7200928
0.75393677
0.7859192
0.8159485
0.8439331
0.869812
0.8934021
0.91467285
0.9337158
0.95047
0.96484375
0.97683716
0.9862976
0.9932556
0.9977112
0.9996338
0.99905396
0.99591064
0.9902649
0.98205566
0.9713745
0.958313
0.94277954
0.9248352
0.90460205
0.88201904
0.85723877
0.83032227
0.8013611
0.7702942
0.7373657
0.70248413
0.66589355
0.627594
0.58773804
0.5463562
0.5036011
0.45950317
0.4142456
0.36791992
0.32077026
0.2727661
0.22406006
0.17480469
0.12506104
0.07501221
0.024871826
-0.025390625
-0.07556152
-0.12557983
-0.17529297
-0.22460938
-0.27322388
-0.3211975
-0.36843872
-0.4147339
-0.4598999
-0.50390625
-0.5466919
-0.58810425
-0.62802124
-0.6662903
-0.7029114
-0.73773193
-0.77072144
-0.80178833
-0.83081055
-0.85772705
-0.8824768
-0.9049988
-0.92523193
-0.94314575
-0.95861816
-0.9717102
-0.98236084
-0.99050903
-0.9961548
-0.9992981
-0.99990845
-0.99798584
-0.9935608
-0.98657227
-0.97717285
-0.965271
-0.95092773
-0.9342041
-0.9151001
-0.89367676
-0.87002563
-0.8441467
-0.8161926
-0.7861328
-0.75408936
-0.7201233
-0.6844177
-0.6468811
-0.6077881
-0.56710815
-0.5250244
-0.48162842
-0.43701172
-0.3912964
-0.3446045
-0.29699707
-0.24865723
-0.19970703
-0.15023804
-0.10040283
-0.050323486
-9.1552734e-05
0.050109863
0.10021973
0.15008545
0.19955444
0.24850464
0.29681396
0.34439087
0.3911438
0.43685913
0.48147583
0.52490234
0.5669861
0.6076355
0.64675903
0.6842346
0.7200012
0.7539673
0.78601074
0.81607056
0.8440552
0.8699341
0.8935852
0.914978
0.93411255
0.9508667
0.96520996
0.9770813
0.98654175
0.99349976
0.9979248
0.9998474
0.9992676
0.9961548
0.99050903
0.98236084
0.9717407
0.9586792
0.94317627
0.92526245
0.9050598
0.88256836
0.8578186
0.83096313
0.80197144
0.7709656
0.7379761
0.7031555
0.6665344
0.6282959
0.5883789
0.5470581
0.504303
0.46029663
0.41513062
0.36889648
0.3217163
0.2738037
0.22509766
0.17590332
0.1262207
0.07620239
0.026031494
-0.024230957
-0.07446289
-0.12445068
-0.1741333
-0.22338867
-0.27209473
-0.32009888
-0.36730957
-0.41357422
-0.4588318
-0.50289917
-0.5456848
-0.5871277
-0.6271057
-0.6654968
-0.70217896
-0.73709106
-0.7701721
-0.80130005
-0.8303833
-0.8574219
-0.8822632
-0.9049072
-0.92523193
-0.9432373
-0.9588928
-0.9720764
-0.9828491
-0.99108887
-0.9968872
-1.0
-1.0
-0.999115
-0.9947815
-0.9879761
-0.9786682
-0.9668884
-0.9526367
-0.93603516
-0.9170227
-0.8956909
-0.87213135
-0.8463745
-0.8184204
-0.78845215
-0.75650024
-0.72262573
-0.68688965
-0.6494751
-0.61035156
-0.5697632
-0.52767944
-0.48428345
-0.43966675
-0.3939209
-0.3471985
-0.29959106
-0.2512207
-0.20227051
-0.15270996
-0.10284424
-0.05267334
-0.002380371
0.047912598
0.098083496
0.14801025
0.19754028
0.24661255
0.29504395
0.3427124
0.38952637
0.43536377
0.48007202
0.5235901
0.5657959
0.60653687
0.6457825
0.6833801
0.7192688
0.7532959
0.7854614
0.8155823
0.8437195
0.8696594
0.8934326
0.9149475
0.93414307
0.95095825
0.96539307
0.9773865
0.98690796
0.993927
0.9984436
0.9999695
0.9998779
0.9968262
0.99124146
0.9831238
0.9725647
0.9595337
0.9440613
0.9262085
0.9060364
0.88357544
0.8588257
0.8319702
0.8029785
0.77194214
0.7390137
0.7041931
0.66760254
0.629303
0.5894165
0.54803467
0.50531006
0.46124268
0.41607666
0.369812
0.32263184
0.2746277
0.22595215
0.17669678
0.12701416
0.07696533
0.026763916
-0.023529053
-0.073791504
-0.123809814
-0.17352295
-0.22283936
-0.2715454
-0.31958008
-0.3668213
-0.41311646
-0.45837402
-0.5024719
-0.5452881
-0.5867615
-0.626709
-0.6651001
-0.70181274
-0.73672485
-0.7698059
-0.80093384
-0.8300476
-0.85702515
-0.881897
-0.90448
-0.9248047
-0.94281006
-0.95840454
-0.97158813
-0.9822998
-0.99057007
-0.9963074
-0.9995117
-1.0
-0.99838257
-0.99401855
-0.9871521
-0.9777832
-0.9659424
-0.95166016
-0.93499756
-0.9159546
-0.89456177
-0.8709717
-0.8451233
-0.8171387
-0.7871399
-0.75512695
-0.7211609
-0.6854553
-0.6479492
-0.6088562
-0.56817627
-0.5260925
-0.4826355
-0.4380188
-0.3922119
-0.3454895
-0.29785156
-0.2494812
-0.20046997
-0.15093994
-0.1010437
-0.05090332
-0.00061035156
0.049682617
0.099823
0.14974976
0.19927979
0.24829102
0.2967224
0.34436035
0.3911438
0.43692017
0.4815979
0.52508545
0.5672302
0.60791016
0.6470947
0.68463135
0.72039795
0.75439453
0.7864685
0.81655884
0.844574
0.8704834
0.8941345
0.9155884
0.93466187
0.951416
0.9657593
0.97766113
0.98709106
0.99398804
0.9984436
0.9999695
0.9996948
0.996521
0.9908447
0.9826355
0.97198486
0.9588318
0.94329834
0.925354
0.90509033
0.8825073
0.85772705
0.83078
0.8017273
0.77059937
0.73760986
0.7027283
0.6660156
0.62768555
0.58776855
0.5463562
0.50357056
0.45950317
0.41427612
0.36801147
0.32080078
0.27282715
0.22409058
0.1748352
0.12512207
0.07513428
0.024902344
-0.02532959
-0.07556152
-0.12554932
-0.17526245
-0.22451782
-0.27319336
-0.321167
-0.36834717
-0.4145813
-0.45977783
-0.5038147
-0.5465698
-0.58795166
-0.62786865
-0.6661377
-0.7027893
-0.7376404
-0.77059937
-0.80166626
-0.8306885
-0.8576355
-0.88238525
-0.9049072
-0.9251404
-0.9430542
-0.9585571
-0.9716797
-0.9823303
-0.9904785
-0.9961548
-0.9992676
-0.99990845
-0.99801636
-0.9935913
-0.9866333
-0.97720337
-0.9653015
-0.95098877
-0.9342346
-0.9151306
-0.8937073
-0.87002563
-0.84417725
-0.8161316
-0.7861023
-0.7540283
-0.72006226
-0.68429565
-0.64678955
-0.607605
-0.56695557
-0.5248413
-0.4814148
-0.43676758
-0.39102173
-0.3442688
-0.29666138
-0.24829102
-0.1993103
-0.14981079
-0.09991455
-0.049804688
0.0004272461
0.050689697
0.10079956
0.1506958
0.20013428
0.24911499
0.29748535
0.34506226
0.39175415
0.4375
0.4821167
0.5255432
0.56759644
0.60824585
0.6473694
0.68481445
0.72055054
0.7544861
0.786499
0.8164978
0.8444824
0.8703308
0.89398193
0.91534424
0.9344177
0.95111084
0.9654236
0.9772949
0.98669434
0.9935913
0.99798584
0.9998779
0.99923706
0.99606323
0.99038696
0.98220825
0.9715271
0.95840454
0.9428711
0.9249573
0.9046936
0.8821411
0.85739136
0.83044434
0.8014221
0.7703552
0.7373657
0.70248413
0.6658325
0.62753296
0.58761597
0.5462036
0.5034485
0.45941162
0.4142151
0.36795044
0.32077026
0.2727661
0.22409058
0.1748352
0.12515259
0.07513428
0.024932861
-0.02532959
-0.075531006
-0.12554932
-0.17520142
-0.2244873
-0.27316284
-0.32113647
-0.36834717
-0.4145813
-0.45977783
-0.5038147
-0.5465698
-0.5879822
-0.62786865
-0.6661682
-0.7027893
-0.7376709
-0.7706299
-0.8016968
-0.8306885
-0.857605
-0.88235474
-0.9048767
-0.9251404
-0.9430237
-0.9585571
-0.97164917
-0.9822998
-0.990448
-0.99612427
-0.9992676
-0.9998779
-0.99798584
-0.9935608
-0.9866333
-0.97720337
-0.9653015
-0.95095825
-0.9342346
-0.91516113
-0.8937683
-0.87008667
-0.8442383
-0.81625366
-0.78619385
-0.7541504
-0.72021484
-0.68447876
-0.64697266
-0.6078186
-0.5671692
-0.52508545
-0.48165894
-0.43704224
-0.3912964
-0.34457397
-0.29696655
-0.24862671
-0.199646
-0.15014648
-0.10028076
-0.0501709
9.1552734e-05
0.050354004
0.10046387
0.1503601
0.19985962
0.24880981
0.2972107
0.34481812
0.39157104
0.4373169
0.4819641
0.5253906
0.5675354
0.60821533
0.64733887
0.684845
0.7206116
0.75457764
0.7866516
0.8166809
0.84469604
0.87054443
0.89419556
0.9156189
0.9347229
0.95144653
0.9657593
0.97766113
0.98706055
0.99398804
0.99838257
0.9999695
0.9996033
0.99642944
0.99072266
0.9825134
0.9718323
0.9587097
0.94314575
0.9251709
0.9049072
0.8823242
0.85754395
0.8305664
0.80148315
0.77041626
0.7373657
0.70248413
0.665802
0.6274719
0.5875244
0.54611206
0.5033264
0.45925903
0.41403198
0.36779785
0.32061768
0.27264404
0.22393799
0.17471313
0.12503052
0.075042725
0.024841309
-0.025390625
-0.07556152
-0.12557983
-0.17523193
-0.22445679
-0.27313232
-0.32107544
-0.36825562
-0.41445923
-0.45965576
-0.5036926
-0.54644775
-0.5878296
-0.6277466
-0.66604614
-0.70269775
-0.7375488
-0.77053833
-0.8016052
-0.83065796
-0.85754395
-0.88235474
-0.9049072
-0.9251709
-0.94311523
-0.9586792
-0.9718323
-0.9825134
-0.99072266
-0.9963989
-0.9996033
-1.0
-0.99838257
-0.99398804
-0.98706055
-0.97766113
-0.9657898
-0.95147705
-0.93478394
-0.91567993
-0.8942566
-0.87060547
-0.84472656
-0.81674194
-0.7866516
-0.75460815
-0.7206421
-0.684845
-0.64730835
-0.6081543
-0.56747437
-0.5253296
-0.48184204
-0.4371643
-0.39138794
-0.3446045
-0.29699707
-0.24859619
-0.19958496
-0.15005493
-0.10015869
-0.05001831
0.00024414062
0.05053711
0.10067749
0.15057373
0.20007324
0.24905396
0.29742432
0.34503174
0.39175415
0.43753052
0.4821167
0.5255432
0.5676575
0.6083069
0.6473999
0.684906
0.7206421
0.75457764
0.7865906
0.8166199
0.8446045
0.8704529
0.89404297
0.9154663
0.9345398
0.9512329
0.9655762
0.9774475
0.98687744
0.9937744
0.99823
0.9999695
0.9994812
0.99627686
0.9906311
0.9824524
0.97180176
0.9586792
0.94314575
0.92523193
0.9049988
0.8824463
0.857666
0.8307495
0.8016968
0.7706604
0.7376404
0.7027588
0.6661377
0.6277771
0.5878601
0.54644775
0.5036926
0.45962524
0.41436768
0.36813354
0.32092285
0.27288818
0.22421265
0.17495728
0.12524414
0.07522583
0.024993896
-0.025268555
-0.07546997
-0.1255188
-0.17520142
-0.22445679
-0.27316284
-0.32113647
-0.36831665
-0.4145813
-0.4597473
-0.5038147
-0.5465698
-0.58795166
-0.62783813
-0.6661377
-0.7027588
-0.73760986
-0.77056885
-0.8016052
-0.8305969
-0.8574829
-0.88223267
-0.90475464
-0.92492676
-0.9428406
-0.9583435
-0.971405
-0.98205566
-0.99020386
-0.9958496
-0.9989929
-0.9996033
-0.99768066
-0.9932556
-0.9862976
-0.9768982
-0.96499634
-0.9506531
-0.9338989
-0.91482544
-0.8934326
-0.8697815
-0.8439331
-0.8159485
-0.7858887
-0.75387573
-0.7199402
-0.6842041
-0.6467285
-0.6076355
-0.5669861
-0.52490234
-0.48150635
-0.43688965
-0.39117432
-0.3444519
-0.296875
-0.24856567
-0.19958496
-0.15014648
-0.10028076
-0.050201416
3.0517578e-05
0.05026245
0.100372314
0.15020752
0.19970703
0.24865723
0.29699707
0.3446045
0.3913269
0.43707275
0.48171997
0.52511597
0.5672302
0.60787964
0.6470032
0.6845398
0.7203064
0.75424194
0.7862854
0.8163452
0.84436035
0.87023926
0.8938904
0.9153137
0.9344177
0.95111084
0.9654846
0.9773865
0.9867554
0.9937439
0.99816895
0.9999695
0.99942017
0.99627686
0.9906006
0.9824524
0.9717407
0.9586487
0.94311523
0.9251709
0.9049072
0.88235474
0.85757446
0.83065796
0.8015747
0.7704773
0.7374573
0.7025757
0.6659241
0.6275635
0.58761597
0.5462036
0.50341797
0.4593506
0.41409302
0.36782837
0.3206482
0.27261353
0.22390747
0.1746521
0.124938965
0.074920654
0.024719238
-0.025543213
-0.07574463
-0.12576294
-0.17544556
-0.22470093
-0.27337646
-0.32131958
-0.36849976
-0.4147644
-0.45993042
-0.5039673
-0.5467224
-0.58807373
-0.6279602
-0.66622925
-0.70285034
-0.7377014
-0.7706909
-0.8016968
-0.8306885
-0.857605
-0.88235474
-0.9048462
-0.92507935
-0.94296265
-0.9584656
-0.9715271
-0.98220825
-0.99035645
-0.9960022
-0.999176
-0.9997864
-0.9978943
-0.99346924
-0.98657227
-0.9771118
-0.965271
-0.9508972
-0.9342041
-0.9151306
-0.8937073
-0.87005615
-0.84420776
-0.81625366
-0.78622437
-0.7541809
-0.72024536
-0.68447876
-0.6470032
-0.60787964
-0.5672302
-0.52511597
-0.48171997
-0.43707275
-0.3913269
-0.3446045
-0.29699707
-0.24865723
-0.19967651
-0.150177
-0.10031128
-0.050201416
6.1035156e-05
0.05029297
0.10043335
0.15029907
0.19976807
0.2487793
0.29711914
0.34472656
0.39144897
0.43719482
0.48184204
0.52526855
0.5673523
0.6080322
0.64712524
0.68463135
0.72036743
0.754303
0.78634644
0.81637573
0.84432983
0.8701782
0.89382935
0.91519165
0.93426514
0.95095825
0.965271
0.97714233
0.98651123
0.9934387
0.99783325
0.9996643
0.99905396
0.9958801
0.99020386
0.9819946
0.971344
0.9581909
0.942688
0.92474365
0.9045105
0.881958
0.85717773
0.83026123
0.801239
0.77020264
0.73724365
0.70236206
0.66571045
0.6274109
0.5875244
0.5461731
0.50341797
0.4593811
0.4142151
0.36795044
0.32080078
0.27282715
0.22418213
0.17495728
0.12527466
0.075286865
0.025115967
-0.025115967
-0.075286865
-0.12527466
-0.17495728
-0.22418213
-0.27285767
-0.3208313
-0.36801147
-0.4142456
-0.45944214
-0.5035095
-0.54626465
-0.5876465
-0.6275635
-0.66589355
-0.70251465
-0.73739624
-0.7703552
-0.8014221
-0.83047485
-0.85739136
-0.8821411
-0.9046936
-0.92492676
-0.9428406
-0.958374
-0.97146606
-0.9821167
-0.9902954
-0.99594116
-0.999115
-0.99972534
-0.99780273
-0.9934082
-0.9864502
-0.9770508
-0.9651489
-0.95080566
-0.9340515
-0.914978
-0.8935547
-0.86990356
-0.8440552
-0.81604004
-0.7859802
-0.75393677
-0.7200012
-0.68426514
-0.6467285
-0.607605
-0.56695557
-0.5248413
-0.4814453
-0.4368286
-0.39108276
-0.34436035
-0.29678345
-0.2484436
-0.19949341
-0.15002441
-0.10018921
-0.050079346
0.00015258789
0.050354004
0.10043335
0.15026855
0.19973755
0.24868774
0.2970276
0.3446045
0.3912964
0.43701172
0.48162842
0.5250244
0.56710815
0.60772705
0.64682007
0.68429565
0.72006226
0.7539673
0.7859802
0.815979
0.8439636
0.869812
0.89346313
0.91482544
0.9338989
0.95059204
0.9649048
0.97680664
0.98617554
0.993103
0.99749756
0.99935913
0.9987488
0.99557495
0.98986816
0.98172
0.9710388
0.9579468
0.94241333
0.9244995
0.90423584
0.88171387
0.8569336
0.8300476
0.8009949
0.7699585
0.736969
0.7021179
0.6654968
0.6272278
0.5873108
0.5459595
0.50320435
0.45916748
0.41403198
0.36779785
0.3206482
0.27267456
0.22402954
0.1748352
0.12515259
0.07519531
0.025024414
-0.025177002
-0.0753479
-0.1253357
-0.1749878
-0.22418213
-0.27285767
-0.32080078
-0.36795044
-0.41418457
-0.4593506
-0.50338745
-0.5461426
-0.5874939
-0.6274109
-0.66571045
-0.70233154
-0.7371826
-0.77020264
-0.801239
-0.83029175
-0.85720825
-0.8819885
-0.904541
-0.9248047
-0.942749
-0.958313
-0.97143555
-0.9821167
-0.9903259
-0.9960022
-0.99920654
-0.9998474
-0.9979553
-0.9935913
-0.98669434
-0.9772644
-0.9654236
-0.95114136
-0.93444824
-0.91537476
-0.89401245
-0.8703308
-0.84451294
-0.8165283
-0.786499
-0.7544861
-0.72052
-0.68478394
-0.64727783
-0.6081543
-0.5675354
-0.52542114
-0.48199463
-0.4373474
-0.39160156
-0.34487915
-0.29727173
-0.24890137
-0.19992065
-0.15045166
-0.10058594
-0.050445557
-0.00021362305
0.050048828
0.10015869
0.15005493
0.19952393
0.24850464
0.29684448
0.3444519
0.39120483
0.43692017
0.48156738
0.5249939
0.56707764
0.60772705
0.6468506
0.6843567
0.7200928
0.7540283
0.7860718
0.8161316
0.8440857
0.8699646
0.8935852
0.91500854
0.93408203
0.95080566
0.9651184
0.97702026
0.9864502
0.9933777
0.9977722
0.9996643
0.99905396
0.99591064
0.99020386
0.9820862
0.97143555
0.958313
0.94281006
0.92489624
0.9046936
0.88217163
0.8574219
0.83047485
0.8015137
0.7704468
0.7374878
0.7026367
0.6659851
0.62768555
0.5877991
0.5463867
0.5036621
0.45959473
0.4144287
0.36816406
0.3209839
0.27301025
0.2243042
0.17504883
0.12536621
0.0753479
0.025146484
-0.025115967
-0.07531738
-0.1253357
-0.17504883
-0.2243042
-0.27297974
-0.3209839
-0.36819458
-0.41445923
-0.45968628
-0.50372314
-0.5465088
-0.5878906
-0.62783813
-0.6661682
-0.7027893
-0.7376709
-0.7706604
-0.8017273
-0.8307495
-0.85769653
-0.8824463
-0.90496826
-0.9252014
-0.9430847
-0.95861816
-0.9717102
-0.9823303
-0.9904785
-0.9961548
-0.9992981
-0.99990845
-0.9979553
-0.9935303
-0.9866028
-0.9771118
-0.9652405
-0.9508972
-0.93411255
-0.91500854
-0.8935852
-0.8699341
-0.84402466
-0.81604004
-0.7859497
-0.75393677
-0.7199402
-0.6841736
-0.646698
-0.60754395
-0.566864
-0.5247803
-0.48135376
-0.43673706
-0.3909912
-0.3442688
-0.2966919
-0.24832153
-0.19934082
-0.14990234
-0.10003662
-0.049957275
0.00030517578
0.05050659
0.100616455
0.15045166
0.19992065
0.24884033
0.29718018
0.34475708
0.39144897
0.4371643
0.48181152
0.5252075
0.56726074
0.60791016
0.6470337
0.68447876
0.7201843
0.7541809
0.78622437
0.8161621
0.84417725
0.87002563
0.89364624
0.91503906
0.93411255
0.95080566
0.96517944
0.97702026
0.98635864
0.99334717
0.9977722
0.9996033
0.9989624
0.9958191
0.9901123
0.9819336
0.97128296
0.9581604
0.94259644
0.9246521
0.90444946
0.8819275
0.8571167
0.83026123
0.801239
0.7701721
0.7371521
0.70236206
0.66574097
0.62731934
0.58740234
0.5461731
0.5033264
0.45925903
0.41415405
0.3678894
0.32070923
0.27285767
0.22406006
0.1748352
0.1253357
0.07525635
0.024963379
-0.02520752
-0.07537842
-0.1253357
-0.17501831
-0.22424316
-0.27285767
-0.3208313
-0.36798096
-0.41415405
-0.4593506
-0.50338745
-0.5461426
-0.58758545
-0.6274719
-0.665802
-0.7023926
-0.73721313
-0.7702637
-0.80130005
-0.83026123
-0.8572693
-0.88201904
-0.9045105
-0.92489624
-0.9426575
-0.9581299
-0.971405
-0.9819946
-0.9901123
-0.9959717
-0.9991455
-0.9996338
-0.9977722
-0.9933777
-0.9864502
-0.97702026
-0.96517944
-0.95095825
-0.9341736
-0.9151001
-0.89382935
-0.8701172
-0.8442383
-0.8163147
-0.7863159
-0.7542114
-0.72024536
-0.68444824
-0.6470032
-0.6077881
-0.5671997
-0.52526855
-0.4817505
-0.43701172
-0.39141846
-0.3446045
-0.296875
-0.24862671
-0.19976807
-0.15020752
-0.10040283
-0.05026245
0.0
0.05014038
0.1003418
0.15026855
0.19967651
0.24862671
0.29693604
0.34454346
0.3912964
0.43710327
0.48181152
0.5252075
0.5672302
0.6079407
0.6470337
0.68444824
0.7202759
0.7542114
0.78622437
0.8161621
0.84402466
0.8701172
0.8938904
0.91503906
0.9341736
0.95111084
0.9652405
0.97720337
0.9866028
0.99328613
0.9979248
0.9999695
0.9989624
0.9958191
0.990448
0.98223877
0.97146606
0.958374
0.9429321
0.9249573
0.904541
0.88217163
0.8574829
0.83032227
0.80133057
0.77038574
0.7373657
0.70248413
0.66589355
0.62768555
0.58773804
0.5462036
0.5037842
0.4597168
0.41412354
0.36801147
0.32095337
0.27285767
0.22424316
0.1748352
0.12521362
0.07543945
0.024963379
-0.025360107
-0.07525635
-0.12536621
-0.17520142
-0.22433472
-0.27294922
-0.3209839
-0.36819458
-0.41436768
-0.45959473
-0.5037842
-0.5465088
-0.5878906
-0.6279297
-0.6662903
-0.7027893
-0.7375183
-0.77056885
-0.8016052
-0.8305969
-0.857666
-0.8824463
-0.9048767
-0.9251709
-0.9428711
-0.95840454
-0.97177124
-0.98220825
-0.9902344
-0.99612427
-0.999115
-0.9996338
-0.99801636
-0.99346924
-0.98635864
-0.9770813
-0.96536255
-0.9510193
-0.93414307
-0.91516113
-0.89385986
-0.8699341
-0.84402466
-0.81622314
-0.7860718
-0.75390625
-0.7199707
-0.68426514
-0.6468811
-0.60772705
-0.5669861
-0.5250244
-0.48165894
-0.43701172
-0.39135742
-0.34466553
-0.29714966
-0.24880981
-0.1998291
-0.15054321
-0.10067749
-0.050445557
-0.0002746582
0.04989624
0.100128174
0.14993286
0.19940186
0.24862671
0.29699707
0.34439087
0.39108276
0.43692017
0.48150635
0.5248108
0.5668335
0.6075134
0.64660645
0.68408203
0.7198181
0.75372314
0.7857666
0.8159485
0.8439026
0.8696289
0.8934021
0.914917
0.9338379
0.9506531
0.9651184
0.9767456
0.9862976
0.9934082
0.99746704
0.99942017
0.999115
0.99572754
0.99005127
0.9819641
0.9712219
0.95803833
0.94247437
0.92456055
0.90423584
0.88171387
0.8571472
0.83010864
0.80096436
0.77008057
0.7369995
0.7021179
0.66574097
0.62731934
0.5871887
0.5459595
0.50338745
0.45922852
0.41403198
0.36801147
0.3206787
0.27264404
0.22421265
0.17480469
0.12503052
0.07522583
0.024780273
-0.02545166
-0.075286865
-0.12542725
-0.1751709
-0.22418213
-0.27279663
-0.32089233
-0.36810303
-0.41409302
-0.45932007
-0.5036011
-0.5461731
-0.58743286
-0.6274414
-0.6657715
-0.70233154
-0.7371216
-0.77023315
-0.80133057
-0.8301697
-0.8572693
-0.88217163
-0.9045105
-0.92477417
-0.942749
-0.95825195
-0.97128296
-0.98187256
-0.9902649
-0.9958801
-0.9989624
-0.9998779
-0.99780273
-0.99328613
-0.9866638
-0.97720337
-0.9650879
-0.9508362
-0.9342346
-0.91485596
-0.8934021
-0.8702698
-0.8440552
-0.8157959
-0.7864075
-0.7541199
-0.72003174
-0.6845398
-0.646698
-0.60791016
-0.5670471
-0.5246887
-0.4819641
-0.43655396
-0.39089966
-0.34484863
-0.29626465
-0.24884033
-0.19940186
-0.14923096
-0.10180664
-0.04711914
-0.0033874512
